return {'Sprint',{
{-176.325058, 9.90964222, -175.340927, 0.999015033, 8.27897093e-05, 0.044372391, -0.000140113378, 0.999999166, 0.00128876825, -0.0443722494, -0.00129371602, 0.999014258},
{-176.325043, 9.90960693, -175.340958, 0.999015033, 7.34150817e-05, 0.0443732403, -0.000131326495, 0.999999166, 0.00130218407, -0.0443731062, -0.00130672893, 0.999014199},
{-176.325058, 9.90956306, -175.340973, 0.999015033, 6.66657725e-05, 0.0443728268, -0.000125129634, 0.999999106, 0.00131478382, -0.0443727002, -0.00131904113, 0.999014199},
{-176.325058, 9.9095192, -175.340988, 0.999015033, 6.03942863e-05, 0.0443727039, -0.000119319615, 0.999999106, 0.00132531603, -0.0443725847, -0.00132930512, 0.999014139},
{-176.325378, 9.90971279, -175.347214, 0.999015152, 5.55851184e-05, 0.0443705767, -0.000118872478, 0.999998987, 0.00142369897, -0.0443704538, -0.00142757129, 0.999014139},
{-176.329514, 9.90975285, -175.411285, 0.999015033, 5.90975651e-05, 0.0443728119, -0.000119768549, 0.999999046, 0.00136464357, -0.044372689, -0.00136861391, 0.999014139},
{-176.336121, 9.90984154, -175.564011, 0.999014974, 6.68944413e-05, 0.0443738028, -0.000125966806, 0.999999106, 0.00132844935, -0.0443736725, -0.00133273052, 0.999014139},
{-176.346588, 9.90974903, -175.823593, 0.999014914, 6.98052099e-05, 0.044376228, -0.000128733489, 0.999999106, 0.00132506818, -0.0443760976, -0.00132947555, 0.99901402},
{-176.360428, 9.85433388, -176.156082, 0.999014676, 7.19263699e-05, 0.0443812013, -0.00013101456, 0.999999106, 0.00132847147, -0.0443810634, -0.00133297709, 0.999013782},
{-176.379471, 9.86391735, -176.590836, 0.999014378, 7.42963457e-05, 0.044387985, -0.00013369607, 0.999999106, 0.00133522647, -0.0443878435, -0.00133984489, 0.999013484},
{-176.40477, 9.90937996, -177.13446, 0.99901408, 7.87150711e-05, 0.0443947949, -0.000138583011, 0.999999106, 0.00134545914, -0.0443946458, -0.0013502849, 0.999013186},
{-176.431305, 9.89922237, -177.725647, 0.999013066, 6.10768329e-05, 0.0444177799, -0.000121639023, 0.999999046, 0.00136076577, -0.044417657, -0.00136482564, 0.999012113},
{-176.444733, 9.87677288, -178.38446, 0.999016464, 0.00469909096, 0.0440904945, -0.00463463087, 0.999988019, -0.00156409969, -0.0440973155, 0.00135821826, 0.999026299},
{-176.487061, 9.95990753, -179.074173, 0.999015749, 0.00194186997, 0.0443146899, -0.00193395, 0.999998093, -0.000221594295, -0.0443150364, 0.000135673792, 0.999017596},
{-176.525986, 9.90672588, -179.815292, 0.99901408, -0.00102449767, 0.0443823636, 0.000931816583, 0.999997318, 0.00210887799, -0.0443844087, -0.00206544274, 0.999012411},
{-176.558945, 9.9565773, -180.614716, 0.999015033, -0.000178166738, 0.0443730578, 9.05035049e-05, 0.999998033, 0.00197759713, -0.0443733223, -0.00197163317, 0.999013066},
{-176.603394, 9.92080593, -181.607635, 0.999015152, -0.000122619836, 0.0443707332, 3.17243466e-05, 0.999997914, 0.00204924447, -0.0443708897, -0.0020458186, 0.999013007},
{-176.649017, 9.95427322, -182.637466, 0.999015212, -0.000143982033, 0.0443690047, 5.25150026e-05, 0.999997854, 0.002062666, -0.0443692058, -0.00205830485, 0.999013066},
{-176.702728, 9.89342594, -183.854965, 0.999015272, -0.000217431545, 0.0443675704, 0.000125508304, 0.999997854, 0.00207463163, -0.0443679243, -0.00206702016, 0.999013126},
{-176.758209, 9.9509325, -185.055664, 0.999015272, -0.00024199966, 0.0443669036, 0.000148839594, 0.999997795, 0.00210305629, -0.0443673134, -0.00209438195, 0.999013066},
{-176.814423, 9.94927406, -186.359421, 0.999015272, -0.000237063316, 0.0443668067, 0.000141352022, 0.999997675, 0.00216039759, -0.0443672128, -0.00215199892, 0.999012947},
{-176.87471, 9.89340115, -187.769058, 0.999020934, 0.000217906811, 0.0442395136, -0.000305739784, 0.999997973, 0.00197863975, -0.0442389958, -0.00199022843, 0.999018967},
{-176.942047, 9.90215015, -189.340515, 0.999021232, 0.00066028029, 0.0442276336, -0.000736463058, 0.999998271, 0.00170624314, -0.0442264304, -0.00173714524, 0.99902004},
{-176.99791, 9.92881107, -191.036011, 0.999276221, -0.0013697535, 0.0380150042, 0.00132931862, 0.99999851, 0.00108890911, -0.0380164385, -0.00103758695, 0.999276578},
{-177.015152, 9.95637417, -192.801208, 0.999452114, 0.00132437155, 0.0330706462, -0.00131231453, 0.999999046, -0.000386285421, -0.0330711268, 0.000342674728, 0.999452949},
{-177.067352, 9.92598057, -194.850464, 0.999539137, 0.000767786521, 0.0303476732, -0.000741932716, 0.999999344, -0.000863171765, -0.0303483158, 0.000840258028, 0.999539018},
{-177.126999, 9.89807987, -197.069275, 0.999579072, 0.000756078283, 0.0290015619, -0.000732559012, 0.999999404, -0.000821582391, -0.0290021673, 0.000799991249, 0.999579012},
{-177.193665, 9.93989658, -199.466202, 0.999597371, 6.94164773e-05, 0.0283738654, -5.60144581e-05, 0.999999881, -0.00047313128, -0.0283738952, 0.000471351435, 0.999597251},
{-177.258118, 9.96209908, -201.867996, 0.999611676, -0.00047004479, 0.0278624091, 0.000475873501, 0.999999881, -0.000202566443, -0.0278623104, 0.000215746768, 0.999611735},
{-177.288696, 9.9077282, -204.444275, 0.999832511, -0.00488460762, 0.0176369157, 0.00489805685, 0.999987721, -0.000719445001, -0.0176331848, 0.000805711141, 0.999844193},
{-177.219788, 9.97400379, -207.209305, 0.999992907, 7.23699986e-06, 0.00376823219, 4.15173872e-06, 0.99999541, -0.00302228611, -0.00376823684, 0.00302228029, 0.999988317},
{-177.18161, 9.8982048, -210.415283, 0.999993443, 0.000346481014, -0.00359888491, -0.000357665645, 0.999995112, -0.00310763135, 0.00359779061, 0.00310889841, 0.999988675},
{-177.148743, 9.91071224, -213.759399, 0.999977827, -9.15606652e-05, -0.00666145375, 7.10565655e-05, 0.999995232, -0.00307819317, 0.00666170428, 0.00307765161, 0.999973059},
{-177.117767, 9.93979836, -217.370621, 0.999969065, -0.00029638072, -0.00786338281, 0.000271275348, 0.999994874, -0.00319356821, 0.00786428899, 0.00319133629, 0.999963999},
{-177.083282, 9.91838932, -221.275253, 0.999964774, -0.000338675745, -0.00838639867, 0.000311468466, 0.999994695, -0.00324530946, 0.00838745292, 0.00324258325, 0.999959588},
{-177.042725, 9.89851952, -225.661179, 0.999962866, -0.000385712803, -0.00860637613, 0.000357422134, 0.999994516, -0.00328847347, 0.00860759802, 0.00328527554, 0.999957561},
{-177.003418, 9.97426033, -229.922714, 0.99996227, -0.000281172543, -0.00868376158, 0.000252707134, 0.999994576, -0.00327892601, 0.00868463702, 0.00327660772, 0.999956906},
{-176.957184, 9.90689468, -235.256714, 0.999962032, -4.42372948e-05, -0.00871528219, 1.6991673e-05, 0.999995112, -0.00312623871, 0.00871537812, 0.00312597188, 0.999957144},
{-176.913345, 9.89943886, -240.445435, 0.999961913, 4.00778299e-05, -0.00872467551, -6.47808702e-05, 0.999996006, -0.00283113541, 0.00872452743, 0.00283159292, 0.999957919},
{-176.854187, 9.94598866, -246.859879, 0.999961913, 8.59585707e-05, -0.00872485433, -0.000107740336, 0.999996901, -0.00249607977, 0.00872461218, 0.00249692472, 0.999958813},
{-176.802261, 9.94379997, -253.301926, 0.999961972, 9.98086252e-05, -0.00872324593, -0.000118446442, 0.999997735, -0.0021360782, 0.0087230131, 0.00213703024, 0.999959648},
{-176.740204, 9.90973473, -259.919586, 0.999961972, 0.000105788247, -0.00872111414, -0.000121119534, 0.99999845, -0.0017574412, 0.0087209139, 0.00175843062, 0.999960423},
{-176.651291, 9.90594387, -266.903046, 0.999851465, -0.00633035833, -0.0160318315, 0.00630994467, 0.999979198, -0.00132360088, 0.0160398763, 0.00122224423, 0.999870598},
{-176.224625, 9.92769909, -274.185455, 0.998063266, -0.0183935538, -0.0594253838, 0.0184788946, 0.999828875, 0.000886811933, 0.0593989007, -0.00198320975, 0.998232365},
{-175.26799, 9.93323898, -281.357849, 0.993952751, -0.00277538691, -0.109773248, 0.00306991022, 0.999992132, 0.00251409668, 0.10976541, -0.00283588748, 0.993953466},
{-174.335342, 9.94934273, -287.978333, 0.991320431, -0.00019751901, -0.131467789, 5.06643082e-05, 0.999999344, -0.00112038339, 0.131467924, 0.00110399816, 0.991319835},
{-173.234207, 9.89994526, -294.782349, 0.987321377, -0.00965241995, -0.158440337, 0.0100150388, 0.99994874, 0.00149038399, 0.158417821, -0.00305827404, 0.987367451},
{-171.721115, 9.88327122, -301.804382, 0.978578389, -0.0148358308, -0.205339387, 0.0158377606, 0.999869347, 0.00323658297, 0.205264539, -0.00641936576, 0.978685498},
{-169.703186, 9.90604401, -308.544708, 0.962668121, -0.0158448089, -0.270220369, 0.016666133, 0.999860823, 0.000745137746, 0.270170957, -0.00522084907, 0.962798238},
{-167.20163, 9.93458366, -315.577606, 0.948480368, -0.000683274353, -0.316835105, 0.000589568517, 0.999999762, -0.000391623238, 0.316835284, 0.000184650969, 0.948480546},
{-164.845673, 9.97072792, -322.316833, 0.944849253, -0.00147505407, -0.32750231, 0.00162341096, 0.999998689, 0.000179621595, 0.327501595, -0.000701386132, 0.944850385},
{-162.155823, 9.93389893, -329.433624, 0.934058666, -0.0142477956, -0.356835276, 0.0153959468, 0.999881387, 0.000377238699, 0.356787592, -0.00584618002, 0.934167266},
{-159.20903, 9.88223553, -336.071777, 0.91601342, -0.0149873896, -0.400867552, 0.0170903299, 0.999852538, 0.00167085754, 0.40078342, -0.00838148687, 0.916134477},
{-155.321533, 9.91591263, -343.112305, 0.882559061, -0.0193380024, -0.469803721, 0.0222461186, 0.999752343, 0.000639202714, 0.469674975, -0.0110154431, 0.882770658},
{-151.064224, 9.90703201, -349.926239, 0.856570005, -0.00204442535, -0.516026795, 0.00131665613, 0.999997556, -0.00177628803, 0.516029179, 0.000842085108, 0.856570601},
{-146.559708, 9.96600437, -356.930664, 0.841150761, -0.00920594856, -0.54072237, 0.0106913783, 0.99994278, -0.000392736139, 0.540695071, -0.00545071717, 0.841201007},
{-141.172791, 9.92848778, -364.447052, 0.813146949, -0.0132254092, -0.581908166, 0.0168159828, 0.99985832, 0.000773883599, 0.581815481, -0.0104146386, 0.813254118},
{-135.390839, 9.91064167, -371.641846, 0.783089876, -0.00822184049, -0.621854186, 0.0102421194, 0.999947488, -0.000323079992, 0.621824145, -0.00611610385, 0.78313297},
{-129.223999, 9.92743969, -378.915344, 0.767101109, -0.00260950974, -0.641520917, 0.000671260816, 0.999994457, -0.00326500717, 0.641525865, 0.00207396271, 0.767098606},
{-123.136688, 9.91494179, -386.194611, 0.77161032, 0.00779585261, -0.636047781, -0.011086327, 0.999937832, -0.00119323784, 0.635998905, 0.00797214825, 0.771648765},
{-116.403694, 9.90703487, -394.723389, 0.78164655, -0.00108034781, -0.623720706, -8.30650097e-05, 0.999998331, -0.00183619605, 0.6237216, 0.00148706569, 0.781645179},
{-110.412003, 9.93904877, -402.284027, 0.783682346, -0.000986789237, -0.621161044, 0.000261762063, 0.999999166, -0.00125836954, 0.621161759, 0.000823565584, 0.783681929},
{-104.071144, 9.93939877, -410.454834, 0.790968597, -0.000148180407, -0.611856759, -0.00493068947, 0.999965966, -0.00661624782, 0.61183691, 0.0082501201, 0.79094094},
{-98.0375214, 10.1073122, -418.269806, 0.787324846, -0.0202287007, -0.616206408, 0.0104625216, 0.999756038, -0.0194518622, 0.616449594, 0.0088678617, 0.787344456},
{-91.3489151, 10.3689013, -426.409668, 0.770578742, -0.0233353693, -0.636917472, 0.0135459034, 0.999703407, -0.020238515, 0.637200892, 0.00696774526, 0.770666301},
{-84.8250809, 10.6657038, -433.770325, 0.750087976, -0.0318015516, -0.660573006, 0.00831957627, 0.999217868, -0.0386577509, 0.661285758, 0.0235010255, 0.749765873},
{-77.8714371, 11.0468521, -441.384216, 0.741663337, -0.0229102634, -0.67038089, -0.00365849095, 0.999263525, -0.0381973274, 0.6707623, 0.0307821408, 0.741033316},
{-70.8609161, 11.5050592, -449.064728, 0.73459518, -0.0405042432, -0.677295625, 0.00760265253, 0.998645306, -0.0514760427, 0.678463101, 0.0326648094, 0.733907938},
{-63.7579193, 12.0196791, -456.31366, 0.713534355, -0.0435885303, -0.699263036, 0.00897190999, 0.998549461, -0.0530895144, 0.700562835, 0.0316074677, 0.712890387},
{-56.3808746, 12.6485033, -463.46051, 0.698996425, -0.0442334488, -0.713755846, -0.00316267624, 0.997884214, -0.0649389625, 0.71511817, 0.0476494804, 0.697377622},
{-48.30233, 13.4449244, -471.253845, 0.695126414, -0.0484535433, -0.717252731, -0.00751228118, 0.997181892, -0.0746445134, 0.718848288, 0.0572755784, 0.692803502},
{-40.6592026, 14.2149467, -478.694824, 0.704117179, -0.0407758728, -0.708912075, -0.0181175992, 0.996993244, -0.0753410533, 0.709852636, 0.0658927187, 0.701261282},
{-33.127739, 15.1398506, -486.489502, 0.717509627, -0.056881018, -0.694222212, -0.00966684986, 0.995751023, -0.0915778652, 0.696481466, 0.072418943, 0.713911057},
{-25.5505943, 16.1168957, -494.377747, 0.719728529, -0.0600794069, -0.691651106, -0.00240225624, 0.996027112, -0.0890184194, 0.694251418, 0.0657306239, 0.716724813},
{-17.5854588, 17.1057129, -502.705322, 0.728384733, -0.0495081209, -0.683377326, -0.0150805637, 0.995986044, -0.0882292166, 0.685002387, 0.0745705292, 0.724714458},
{-10.2241039, 18.0738029, -510.759644, 0.735755026, -0.0577161536, -0.674783945, -0.0039900383, 0.995975316, -0.0895391107, 0.677236021, 0.0685712621, 0.732563555},
{-2.15370297, 19.1213818, -519.574402, 0.73724252, -0.0588801019, -0.673057675, -0.00183702714, 0.99601692, -0.0891452804, 0.675625682, 0.0669581145, 0.734197855},
{5.50966024, 20.1162243, -527.932434, 0.737384617, -0.0572105907, -0.673045933, -0.00322954915, 0.99609673, -0.0882089883, 0.675465345, 0.0672175884, 0.734321654},
{13.6009274, 21.1933823, -536.756165, 0.737336099, -0.057744313, -0.673053503, -0.00261669699, 0.996088207, -0.0883255452, 0.675520957, 0.0668867901, 0.734300733},
{21.8402576, 22.2220631, -545.751648, 0.737315297, -0.0578536876, -0.673066914, -0.00272056926, 0.996063828, -0.0885972604, 0.675543308, 0.067155242, 0.734255731},
{29.9256458, 23.3338852, -554.566406, 0.737257421, -0.0579888858, -0.673118711, -0.00259932666, 0.996058822, -0.0886570364, 0.675606966, 0.0671127141, 0.734201014},
{38.150032, 24.3421383, -563.541626, 0.737225056, -0.0580481105, -0.673149049, -0.00249400106, 0.996061921, -0.0886254758, 0.675642669, 0.0670157522, 0.734177053},
{46.7183571, 25.4702473, -573.090576, 0.750788093, -0.045430053, -0.658978999, -0.017677715, 0.995892823, -0.0887974948, 0.660306513, 0.0783173442, 0.746901393},
{55.3435097, 26.6274967, -583.485535, 0.773649812, -0.0464929715, -0.631905317, -0.0122959195, 0.996014774, -0.0883366838, 0.633494079, 0.0761115178, 0.769994974},
{63.4781418, 27.8163242, -593.947449, 0.787078083, -0.0578830726, -0.614131629, 0.00184796075, 0.995804429, -0.0914881006, 0.616850615, 0.0708733872, 0.783882856},
{71.1605835, 28.9054699, -603.813599, 0.788028598, -0.0609821305, -0.612610877, 0.00627534976, 0.995825946, -0.0910568759, 0.615606606, 0.0679110736, 0.785121977},
{79.5446854, 30.0840759, -614.558716, 0.788361907, -0.0574852489, -0.612520218, 0.0041939076, 0.996103942, -0.0880868435, 0.61519748, 0.0668754578, 0.785531521},
{87.2278595, 31.1989193, -624.409363, 0.788327515, -0.0563671589, -0.612668335, 0.00515128858, 0.996364236, -0.0850400031, 0.615234256, 0.0638833418, 0.7857517},
{95.3568649, 32.3106346, -634.841309, 0.78854984, -0.0497852787, -0.612952352, 0.00374686508, 0.997088134, -0.0761653408, 0.614959478, 0.0577635132, 0.786440253},
{103.379906, 33.1154251, -645.125, 0.788220108, -0.0393763892, -0.614132404, 0.00388520304, 0.998249352, -0.0590183176, 0.615381181, 0.044133395, 0.786993146},
{111.390694, 33.7055016, -655.375427, 0.788320065, -0.0263802782, -0.614699543, 0.00109928171, 0.99913919, -0.0414690115, 0.615264416, 0.0320151262, 0.787670493},
{119.998642, 34.1025848, -666.413574, 0.788351357, -0.0140497591, -0.6150648, 0.00122962869, 0.999773204, -0.021261489, 0.615224004, 0.0160052218, 0.788189828},
{128.371719, 34.230011, -677.126587, 0.789369226, -0.000379801146, -0.613918662, -0.00331892376, 0.999982536, -0.00488607166, 0.613909841, 0.00589446397, 0.789354146},
{136.042664, 34.1688309, -687.314331, 0.801584721, 0.0111703323, -0.59777683, -0.0114714, 0.999928772, 0.0033026326, 0.597771168, 0.0042099976, 0.80165571},
{144.084641, 34.1470795, -698.563416, 0.812066793, 0.00128546485, -0.583563089, 0.000874654565, 0.999993742, 0.00341991265, 0.583563864, -0.00328761362, 0.812060595},
{151.923645, 34.038147, -709.593018, 0.814156055, -0.00373134832, -0.580634117, 0.0107449656, 0.999904931, 0.00864070002, 0.580546677, -0.0132737719, 0.814118743},
{159.732727, 33.8081207, -720.878967, 0.825319111, 0.00201102602, -0.564663053, 0.00826027151, 0.999843657, 0.0156342294, 0.56460619, -0.0175674986, 0.825173438},
{167.1362, 33.5250702, -732.658508, 0.851966441, 0.00397375273, -0.523581326, 0.00736484909, 0.999781311, 0.0195719134, 0.52354461, -0.02053071, 0.851750851},
{173.944214, 33.3266335, -745.01062, 0.883596718, -0.0139698358, -0.468040198, 0.0237912294, 0.999603212, 0.0150789618, 0.467643857, -0.0244589727, 0.883578539},
{180.33728, 32.9861412, -757.819824, 0.912287831, -0.00863942131, -0.409458518, 0.0175586957, 0.999683261, 0.0180284418, 0.409173101, -0.0236366857, 0.912150562},
{185.590347, 32.8452606, -770.182373, 0.941979289, -0.00675954483, -0.33560285, 0.0110171726, 0.999881148, 0.0107841957, 0.335490078, -0.0138558839, 0.941941857},
{190.348389, 32.7060509, -784.005127, 0.966738641, -0.0117971171, -0.255494207, 0.0144612771, 0.999858856, 0.00855136011, 0.255357265, -0.0119617023, 0.966772795},
{193.96814, 32.6023865, -797.767212, 0.983416021, -0.00977871288, -0.181100219, 0.0113701317, 0.999905288, 0.00775141362, 0.181007281, -0.00968199782, 0.983434081},
{196.555984, 32.6009712, -811.878052, 0.994139194, -0.0128934514, -0.10733591, 0.0132901371, 0.999907255, 0.00298121735, 0.107287519, -0.00439025415, 0.994218349},
{198.475525, 32.5713272, -827.335266, 0.99779439, -0.0133977924, -0.0650141388, 0.0133811561, 0.999910235, -0.000691343041, 0.0650175661, -0.000180146075, 0.997884095},
{199.682693, 32.5155716, -843.050598, 0.998784721, -0.0171424374, -0.0462079421, 0.0170255806, 0.99985081, -0.00292136078, 0.0462511256, 0.00213109353, 0.998927593},
{200.116745, 32.6306038, -857.322388, 0.999638617, -0.0257612392, -0.00768072158, 0.0257215761, 0.999655545, -0.00521880481, 0.00781251863, 0.00501935882, 0.999956906},
{200.050644, 32.7374229, -872.861694, 0.999039292, -0.0392812043, 0.0194288399, 0.039552521, 0.999122441, -0.0137830563, -0.0188703742, 0.0145382751, 0.999716222},
{199.662827, 33.0349007, -888.572937, 0.999247074, -0.00603283849, 0.0383258946, 0.006795811, 0.999780715, -0.019808514, -0.0381979905, 0.0200540554, 0.999068916},
{198.722443, 33.2896004, -904.446228, 0.99788481, -0.0121983113, 0.063852571, 0.0133513464, 0.999754846, -0.017662324, -0.0636214688, 0.0184774827, 0.997803032},
{197.603668, 33.4061661, -919.918579, 0.997241139, -0.00750921667, 0.0738492906, 0.00850549899, 0.999876916, -0.013185516, -0.0737411827, 0.0137772644, 0.99718225},
{196.56636, 33.3704262, -935.588318, 0.9977265, 0.0112126023, 0.0664539412, -0.0118526015, 0.999887049, 0.00924427714, -0.066342786, -0.0100109121, 0.997746646},
{195.817169, 33.1040382, -952.031189, 0.999036193, 0.0192452222, 0.0394504294, -0.0197370201, 0.999731779, 0.0121148657, -0.0392066948, -0.0128818229, 0.999148071},
{195.435425, 32.9155579, -968.682251, 0.998565674, 0.0467606932, 0.0260782782, -0.0469854698, 0.998862922, 0.00807393249, -0.0256710816, -0.00928765163, 0.999627292},
{195.037827, 32.6633682, -985.545837, 0.998327076, 0.0514735691, 0.0263343994, -0.0517631061, 0.998604894, 0.0104331765, -0.0257606264, -0.0117788734, 0.999598742},
{194.480255, 32.5195999, -1001.97925, 0.997472465, 0.0596551374, 0.0386000164, -0.059842933, 0.998200834, 0.00372720696, -0.0383082218, -0.00602772459, 0.999247789},
{193.815567, 32.5212326, -1019.2038, 0.998603225, 0.0418249965, 0.0322840028, -0.0417404324, 0.999123096, -0.00328926812, -0.0323932655, 0.00193712558, 0.999473333},
{193.569717, 32.6048851, -1036.61353, 0.9995327, 0.0304680653, 0.00247753598, -0.0304494351, 0.999510109, -0.00723852217, -0.00269686594, 0.00715970015, 0.999970734},
{194.179718, 32.6844749, -1055.401, 0.997956991, 0.0296554416, -0.0565899871, -0.0302186534, 0.999501705, -0.00912265945, 0.0562912524, 0.0108140949, 0.998355806},
{195.35817, 33.0984764, -1072.32593, 0.992943406, 0.0479641184, -0.108456597, -0.0493085831, 0.998736024, -0.00974709634, 0.107851997, 0.0150261559, 0.994053423},
{196.714233, 33.434021, -1088.70032, 0.993050516, 0.0131400535, -0.116952859, -0.0170675628, 0.999321282, -0.0326440744, 0.116444536, 0.0344133154, 0.992600799},
{198.659744, 33.8888626, -1107.11072, 0.994320989, 0.0185357369, -0.104796074, -0.0218523983, 0.999293149, -0.0305895377, 0.104154997, 0.0327058658, 0.994023144},
{200.337463, 34.1953964, -1125.09167, 0.995460391, 0.00503334589, -0.0950434431, -0.00650692033, 0.999863267, -0.0152006662, 0.0949539393, 0.0157501008, 0.995357037},
{202.229248, 34.2633171, -1143.22241, 0.992856443, -0.0245812312, -0.116755337, 0.0246045105, 0.999696493, -0.00124211481, 0.116750434, -0.00163946627, 0.99315995},
{204.859238, 34.1760139, -1161.31946, 0.988386095, -0.0183300264, -0.150853902, 0.0185082201, 0.999828696, -0.00022286328, 0.150832132, -0.00257176207, 0.988556027},
{207.792175, 34.1977768, -1178.5824, 0.985962272, -0.00192554749, -0.166957065, 0.00158400892, 0.999996364, -0.00217880821, 0.166960642, 0.00188376126, 0.985961735},
{211.061966, 34.1988754, -1196.98291, 0.983632803, -0.00928461831, -0.179945245, 0.00933088176, 0.99995631, -0.000589351752, 0.179942861, -0.00109934213, 0.983676434},
{214.417404, 34.2281723, -1214.05591, 0.980382383, -0.0100006554, -0.196851179, 0.0100363344, 0.999949276, -0.000816370419, 0.196849361, -0.00117530907, 0.980433047},
{218.114243, 34.1891327, -1231.76282, 0.979032397, -0.00129155791, -0.203700423, 0.000335299905, 0.999988735, -0.00472887512, 0.203704238, 0.00456142146, 0.979021847},
{221.825226, 34.2592735, -1249.54053, 0.978897333, -0.000378613622, -0.204352349, -0.000274543476, 0.999994934, -0.00316786976, 0.204352513, 0.00315712276, 0.978892267},
{225.666962, 34.2450981, -1268.04529, 0.980023682, 0.00691780262, -0.19876042, -0.00733153941, 0.999972224, -0.00134569977, 0.198745593, 0.00277603744, 0.980047166},
{228.907227, 34.207119, -1285.43689, 0.984163582, 0.0159427039, -0.176544279, -0.0166077521, 0.999859452, -0.00228997925, 0.176482946, 0.00518571772, 0.984290063},
{231.771591, 34.2186813, -1303.00391, 0.987130463, 0.00611036085, -0.159800321, -0.0068850182, 0.999967098, -0.00429442991, 0.15976882, 0.0053393906, 0.98714},
{234.895798, 34.2293015, -1321.99304, 0.985599995, -0.0123649854, -0.168640748, 0.0121587953, 0.999923527, -0.00225527212, 0.168655738, 0.000172328044, 0.985674977},
{238.101578, 34.1922379, -1339.73254, 0.984559834, 0.000181196359, -0.175048172, -0.00056051038, 0.999997616, -0.0021174748, 0.175047368, 0.00218289695, 0.984557569},
{241.05867, 34.2229576, -1357.61426, 0.98815614, 0.0239837188, -0.151565924, -0.0248799473, 0.999682367, -0.00401918357, 0.151421383, 0.00774253299, 0.988438964},
{243.400345, 34.1543694, -1377.03149, 0.995072365, 0.0291574225, -0.0947671756, -0.0296370517, 0.999554038, -0.00365730887, 0.0946182758, 0.00644790661, 0.995492756},
{244.686142, 34.2236938, -1395.24268, 0.999391019, 0.0328256153, -0.0118361022, -0.0328557491, 0.9994573, -0.00236044591, 0.0117521957, 0.0027478924, 0.999927163},
{244.966431, 34.1756668, -1412.8512, 0.997046709, 0.0272893142, 0.0717857033, -0.0273353495, 0.999626279, -0.000341239822, -0.071768187, -0.00162205531, 0.997420013},
{244.379379, 34.2513199, -1431.16333, 0.989518642, 0.0262478553, 0.141999617, -0.0258001462, 0.999654651, -0.00499342242, -0.142081648, 0.00127747341, 0.989854097},
{242.974304, 34.1941109, -1450.18347, 0.987761319, 0.0242168847, 0.154081702, -0.0240849555, 0.999706209, -0.00272312015, -0.154102385, -0.0010212583, 0.988054335},
{240.952194, 34.2068253, -1468.54175, 0.992421746, 0.0158054866, 0.121857561, -0.0156072732, 0.99987489, -0.00258097402, -0.121883109, 0.000659550598, 0.992544234},
{238.624176, 34.1824074, -1487.6571, 0.992266297, 0.00488898344, 0.124031052, -0.00433935458, 0.999979556, -0.00470114639, -0.124051504, 0.00412657438, 0.992267191},
{236.100983, 34.1974487, -1506.1593, 0.98946023, 0.0122910542, 0.144282326, -0.0121431984, 0.999924481, -0.0019053939, -0.144294843, 0.0001332627, 0.989534736},
{233.19548, 34.2131653, -1525.4126, 0.986789525, 0.00382740283, 0.16196236, -0.00317619392, 0.999985814, -0.00427947333, -0.161976427, 0.00370851555, 0.986787677},
{230.003555, 34.17873, -1545.43225, 0.98642534, 0.0100160725, 0.163904488, -0.00928650051, 0.999943256, -0.00521684811, -0.163947433, 0.00362393237, 0.986462414},
{226.618622, 34.1590614, -1564.10461, 0.981557548, 0.0246105902, 0.189576, -0.0245284736, 0.999695241, -0.00277978927, -0.189586639, -0.00192148681, 0.981862128},
{222.473221, 34.2072067, -1583.43042, 0.977176368, 0.0123510435, 0.212070227, -0.0115058264, 0.999920189, -0.00521919457, -0.212117761, 0.00266003073, 0.977240503},
{218.412674, 34.1798592, -1601.43762, 0.976452649, -0.00620003324, 0.215642661, 0.00743960403, 0.999960124, -0.0049370341, -0.215603456, 0.00642507616, 0.976459861},
{214.254837, 34.3642426, -1621.69067, 0.981147945, -0.0129418122, 0.192824289, 0.0169207342, 0.999676228, -0.0190023854, -0.192515939, 0.0219068788, 0.981049299},
{210.868835, 35.0515976, -1639.96863, 0.983033478, 0.00700012967, 0.183292761, 0.000858042738, 0.999085069, -0.0427578799, -0.183424369, 0.0421897024, 0.982128084},
{207.290771, 36.3740273, -1659.67505, 0.984916031, 0.0106748696, 0.172703326, 0.00426019914, 0.996296644, -0.0858771801, -0.172980472, 0.0853175595, 0.981223047},
{204.15773, 38.3338509, -1679.47876, 0.989796162, -0.00684262207, 0.142326087, 0.0205526222, 0.995257199, -0.0950826257, -0.141000435, 0.0970375985, 0.985242426},
{201.782593, 40.0487823, -1699.47388, 0.993995309, -0.00339278975, 0.109369859, 0.0137771042, 0.99544549, -0.0943316594, -0.108551681, 0.095272027, 0.989514947},
{199.873779, 41.7663345, -1718.85669, 0.994349062, 0.024335891, 0.103333004, -0.0150445895, 0.995849669, -0.0897614062, -0.105088562, 0.0876995623, 0.990588307},
{197.478836, 43.5279198, -1738.95691, 0.990512133, 0.0430661775, 0.130502731, -0.0314596817, 0.995469272, -0.0897288322, -0.133775741, 0.0847719312, 0.987379253},
{194.186752, 45.2662659, -1758.95544, 0.982561946, 0.047139179, 0.179860875, -0.0307830516, 0.995220959, -0.0926696435, -0.183369681, 0.0855169967, 0.979317307},
{190.013321, 47.0154495, -1778.81433, 0.967039585, 0.04346852, 0.250888377, -0.0208739229, 0.995537639, -0.0920275375, -0.25376913, 0.0837572441, 0.96363163},
{185.29837, 48.7990074, -1797.83972, 0.959931314, 0.0374402553, 0.277723074, -0.0126171382, 0.995804191, -0.0906355232, -0.279951245, 0.0834998041, 0.956376016},
{180.122818, 50.4508705, -1816.80688, 0.963800251, 0.0231000371, 0.265622735, 0.00134908536, 0.995804548, -0.0914958268, -0.266621888, 0.0885420516, 0.959725499},
{174.755219, 52.2774467, -1837.2887, 0.970464706, -0.004973731, 0.241191849, 0.0278833155, 0.995399415, -0.0916653052, -0.239626303, 0.0956831723, 0.966138661},
{170.335938, 54.0617256, -1857.29358, 0.979261994, -0.012002293, 0.20224227, 0.031080896, 0.995326757, -0.0914256796, -0.200199828, 0.0958155617, 0.975058675},
{166.412506, 56.0522499, -1878.94165, 0.984496951, 0.0107662752, 0.175071001, 0.00555500807, 0.995699942, -0.0924702957, -0.175313756, 0.0920092463, 0.980203748},
{163.044189, 57.8558884, -1899.26831, 0.987807453, 0.0032663059, 0.15564622, 0.0111580668, 0.995723188, -0.0917102769, -0.155280113, 0.0923288092, 0.983546376},
{160.303726, 59.5126915, -1918.25574, 0.98996067, 0.0104199173, 0.140958324, 0.00255595357, 0.995796084, -0.0915618539, -0.141319826, 0.0910029262, 0.985772371},
{157.346512, 61.4551315, -1939.50269, 0.990239203, 0.0199604146, 0.137941688, -0.00699697109, 0.995563567, -0.0938308612, -0.13920261, 0.0919498205, 0.985985756},
{154.617218, 63.0853806, -1958.61206, 0.988990784, 0.0259569343, 0.145682618, -0.0124992719, 0.995630264, -0.0925425664, -0.147448152, 0.0897028223, 0.984993637},
{151.132385, 64.9825516, -1979.90295, 0.984346032, 0.0399887338, 0.17165035, -0.0248555634, 0.995683491, -0.0894239247, -0.174485371, 0.0837576166, 0.981090963},
{146.964142, 66.8347702, -2001.12122, 0.98036772, 0.0274903756, 0.195252225, -0.00948006473, 0.995659828, -0.0925833806, -0.196949944, 0.088914752, 0.976373315},
{143.026184, 68.5749207, -2020.15552, 0.979676723, 0.0171539709, 0.199847966, 0.00184856774, 0.995521963, -0.0945126191, -0.200574294, 0.0929612443, 0.975257993},
{138.673355, 70.5413513, -2042.23315, 0.982134223, 0.00864215661, 0.18798314, 0.00895215943, 0.995668232, -0.0925452262, -0.187968642, 0.0925746858, 0.977802515},
{134.904419, 72.291748, -2062.19409, 0.98227042, 0.0197145939, 0.186429933, -0.00241205376, 0.995701909, -0.0925847515, -0.187453896, 0.0904935896, 0.978096068},
{131.065887, 74.0598907, -2082.19653, 0.981552005, 0.0221878402, 0.189903527, -0.00487096515, 0.995823145, -0.0911729261, -0.191133261, 0.0885659531, 0.977560282},
{126.874565, 75.9301987, -2102.95044, 0.980156243, 0.0204243567, 0.197171524, -0.00232762285, 0.995794952, -0.0915803537, -0.198212877, 0.0893041119, 0.976082206},
{122.668793, 77.7973099, -2123.76147, 0.980406225, 0.015179473, 0.196400538, 0.00294063892, 0.99578768, -0.0916420743, -0.196964324, 0.0904240012, 0.976231813},
{118.485443, 79.6466446, -2144.63672, 0.980379283, 0.0184200276, 0.196257979, -0.000445463433, 0.995828867, -0.0912394598, -0.197119996, 0.0893618464, 0.976298213},
{114.26915, 81.5370102, -2165.55664, 0.9804371, 0.0151606631, 0.196247891, 0.00303231739, 0.995747626, -0.092073299, -0.196809262, 0.0908671618, 0.976221919},
{110.175514, 83.3027115, -2185.79077, 0.980533659, 0.00471728342, 0.196294397, 0.0129430583, 0.995984197, -0.0885885879, -0.195924014, 0.0894047469, 0.976534963},
{105.930908, 85.0744476, -2206.8396, 0.980501175, -0.000500724069, 0.196512461, 0.0178081337, 0.996108651, -0.0863157511, -0.195704535, 0.0881322175, 0.976694643},
{101.809761, 86.7954102, -2227.18384, 0.980446696, -0.0107330848, 0.196491867, 0.028466491, 0.995744526, -0.0876497701, -0.194714949, 0.0915293619, 0.976579964},
{97.5381927, 88.5236206, -2247.55396, 0.977256656, -0.00849024858, 0.211889893, 0.0271206778, 0.995996892, -0.0851744339, -0.210318521, 0.0889838785, 0.973574877},
{92.5547867, 90.1668854, -2268.61377, 0.970468104, 0.00348963286, 0.241204321, 0.0170760565, 0.996393263, -0.0831196383, -0.240624413, 0.0847837701, 0.966908276},
{86.9732437, 91.8315125, -2288.7605, 0.962601602, -0.0187849384, 0.270268917, 0.0430439748, 0.995526075, -0.0841136426, -0.267479688, 0.0926013738, 0.959103525},
{81.0780792, 93.4901581, -2308.8811, 0.959251821, -0.0288237538, 0.281078488, 0.0544599853, 0.994991183, -0.0838252008, -0.277254462, 0.0957170054, 0.956016839},
{75.0701447, 95.0456772, -2329.04175, 0.957551301, -0.0449355766, 0.284738928, 0.0712132156, 0.994034171, -0.0826118514, -0.279328018, 0.099382259, 0.955038786},
{68.5187988, 96.7586441, -2349.896, 0.950389862, -0.0295212492, 0.309657335, 0.0567619093, 0.995230973, -0.0793311745, -0.305838615, 0.0929722786, 0.947533071},
{61.3855667, 98.2750168, -2369.78491, 0.936452448, -0.0215120763, 0.350134283, 0.0516694933, 0.995689929, -0.0770180672, -0.346968353, 0.0902150199, 0.933527827},
{53.4997444, 99.8126144, -2389.43921, 0.926272452, -0.0373032019, 0.375003725, 0.0721991211, 0.994221985, -0.0794349387, -0.369873762, 0.100653335, 0.923613727},
{45.373848, 101.403046, -2409.05029, 0.922648072, -0.0487513728, 0.382549077, 0.0851942003, 0.993235588, -0.0788988099, -0.376114935, 0.105386801, 0.920560241},
{36.9705124, 102.941353, -2428.61108, 0.913931072, -0.0235187467, 0.405187458, 0.0595946871, 0.995275438, -0.076650463, -0.401470393, 0.0942002609, 0.911014736},
{27.5651684, 104.466255, -2448.61499, 0.89258486, -0.0227915272, 0.450303018, 0.0632110387, 0.995183647, -0.0749261305, -0.446426511, 0.0953420475, 0.88972652},
{17.9835167, 105.793045, -2466.80396, 0.860804141, -0.0169387218, 0.508654475, 0.0574478507, 0.996292293, -0.0640423521, -0.50568372, 0.0843490213, 0.858585596},
{6.19524717, 107.119324, -2486.47974, 0.819639087, -0.0165047199, 0.572642446, 0.0606275164, 0.996470571, -0.0580575466, -0.569663107, 0.0823041201, 0.817746878},
{-6.21857977, 108.345894, -2504.85156, 0.791870534, -0.0232076719, 0.61024791, 0.0708412156, 0.996022344, -0.0540464111, -0.60656625, 0.0860284641, 0.790364802},
{-19.4785957, 109.464874, -2522.677, 0.78271544, -0.0204139613, 0.622044861, 0.0690312833, 0.996142685, -0.0541707389, -0.618539631, 0.0853408277, 0.781105399},
{-33.5768318, 110.497292, -2539.90283, 0.748606026, -0.023274105, 0.662606418, 0.0729168802, 0.996211529, -0.0473887436, -0.658993244, 0.0837906972, 0.747467041},
{-49.1079979, 111.430214, -2556.97144, 0.697325289, -0.0190442335, 0.716501713, 0.0674375668, 0.996955693, -0.0391341187, -0.713575244, 0.0756083429, 0.696486712},
{-63.8045273, 112.13015, -2571.54907, 0.650280058, -0.0195382275, 0.759443283, 0.0642039925, 0.997506201, -0.0293123573, -0.756976664, 0.0678205341, 0.649912834},
{-79.9262924, 112.806221, -2585.7644, 0.599808216, -0.0230617635, 0.799811363, 0.0721709579, 0.997069478, -0.025374176, -0.796882331, 0.0729427934, 0.599714875},
{-96.7737198, 113.331383, -2599.17407, 0.572881341, -0.0272303447, 0.819185853, 0.0818658024, 0.996351182, -0.0241317749, -0.815539658, 0.080887951, 0.573020279},
{-114.273888, 113.801331, -2611.80933, 0.5604918, -0.0258850157, 0.827755332, 0.0787779242, 0.99664551, -0.0221758746, -0.824404597, 0.0776382461, 0.560650826},
{-132.358795, 114.02639, -2623.67993, 0.518090189, -0.0290843323, 0.854831338, 0.0812389627, 0.996576726, -0.0153297391, -0.851459205, 0.0773877949, 0.51867944},
{-151.015305, 114.326462, -2634.68433, 0.457027823, -0.0269140657, 0.889045119, 0.0729929209, 0.997305512, -0.00733174337, -0.886452258, 0.0682448149, 0.4577609},
{-170.250946, 114.296265, -2644.67627, 0.394176692, -0.0301795676, 0.918538988, 0.0722731948, 0.997383356, 0.00175516598, -0.916188478, 0.0656939074, 0.395326436},
{-190.024765, 114.329948, -2653.56836, 0.332586557, -0.0410357974, 0.942179501, 0.0831582472, 0.996437371, 0.0140443388, -0.939399242, 0.0736790448, 0.334814131},
{-210.255157, 114.351669, -2661.27954, 0.275961667, -0.0143848574, 0.961061001, 0.0719491467, 0.99739182, -0.00573102757, -0.958471954, 0.070729062, 0.276276886},
{-231.642776, 114.902077, -2668.21167, 0.291789681, -0.000726746162, 0.956482232, 0.0950852036, 0.995068192, -0.0282511469, -0.951744497, 0.0991906971, 0.290419728},
{-253.221039, 115.79245, -2674.69971, 0.288201094, 0.0159906931, 0.957436383, 0.110867627, 0.992579162, -0.0499502607, -0.951130092, 0.120544419, 0.284289539},
{-274.221619, 116.566566, -2680.63672, 0.262435645, 0.0219165422, 0.96470058, 0.076079607, 0.996159911, -0.043327827, -0.961945653, 0.0847648084, 0.259760469},
{-296.215851, 117.295067, -2686.31201, 0.250246406, 0.0146743562, 0.968070984, 0.0854432955, 0.995649099, -0.0371794924, -0.964404583, 0.0920192078, 0.247903794},
{-317.522797, 117.952728, -2691.71118, 0.247285813, 0.0114942873, 0.968874395, 0.0927547514, 0.995056689, -0.0354786962, -0.964492738, 0.0986410826, 0.244997248},
{-338.950256, 118.679863, -2696.9021, 0.227787018, 0.0162831843, 0.973574817, 0.0730184317, 0.996759176, -0.0337550491, -0.970969319, 0.078777872, 0.225859836},
{-361.313293, 119.536728, -2701.85596, 0.219617873, 0.0275679026, 0.975196362, 0.0917544737, 0.99458617, -0.0487794839, -0.971261621, 0.100191481, 0.215899438},
{-383.736572, 120.527855, -2706.91699, 0.21755749, 0.032671392, 0.975500524, 0.0551555455, 0.997431099, -0.0457067564, -0.974487841, 0.0637481138, 0.215196595},
{-405.453796, 121.247986, -2711.7854, 0.217028141, 0.0310434438, 0.975671589, 0.0332504958, 0.998679101, -0.0391717181, -0.975598872, 0.0409429297, 0.215709269},
{-427.255646, 121.989349, -2716.58398, 0.220902041, 0.0232928004, 0.975017786, 0.0512107722, 0.998058617, -0.0354456566, -0.973950565, 0.0577614345, 0.219280347},
{-448.998291, 122.970383, -2721.73022, 0.236949205, 0.0416804142, 0.970627546, 0.0411283858, 0.997753263, -0.052885484, -0.97065109, 0.0524515174, 0.234702587},
{-470.685303, 124.16391, -2727.31836, 0.252989352, 0.0493744239, 0.966208339, 0.0191827137, 0.998244524, -0.0560342632, -0.967278898, 0.0327105708, 0.25159809},
{-492.392456, 125.192909, -2733.13672, 0.258135527, 0.0532208569, 0.96464169, 0.00283890637, 0.998435438, -0.0558449961, -0.966104567, 0.017154105, 0.257580549},
{-513.328979, 126.072212, -2738.90015, 0.269000232, 0.0460086241, 0.962040603, -0.00315131084, 0.998895109, -0.0468900055, -0.963134944, 0.00958173349, 0.268848002},
{-534.981262, 126.983337, -2745.35156, 0.296949446, 0.0438302532, 0.953886747, 0.000196145484, 0.99894321, -0.0459616184, -0.954893172, 0.013835378, 0.296627045},
{-555.635315, 127.900238, -2752.271, 0.352620393, 0.0414854549, 0.934846401, -0.00215763552, 0.9990502, -0.0435207598, -0.935763955, 0.0133292489, 0.352374971},
{-576.808105, 128.56987, -2760.32397, 0.41143325, 0.0405672714, 0.910536647, -0.0211477429, 0.999164939, -0.0349601656, -0.911194503, -0.00487201987, 0.411947578},
{-598.400696, 129.185287, -2769.61523, 0.462851077, 0.0317631997, 0.885866821, -0.021620512, 0.999465048, -0.0245399531, -0.886172354, -0.00779455062, 0.463290185},
{-618.702637, 129.753326, -2779.66235, 0.505248725, 0.0289090499, 0.862489402, -0.02064698, 0.999557614, -0.0214082617, -0.862726748, -0.00699130492, 0.505622089},
{-638.476746, 130.163986, -2790.68359, 0.541483939, 0.0326857492, 0.840075493, -0.0236396641, 0.999440789, -0.0236490332, -0.840378702, -0.00705353171, 0.541953802},
{-658.360657, 130.699066, -2803.14233, 0.573910475, 0.0329749733, 0.818253875, -0.0289594363, 0.999381244, -0.0199625641, -0.818405867, -0.0122394469, 0.574510276},
{-676.919189, 131.095581, -2816.06836, 0.610897303, 0.0324891992, 0.791042924, -0.0293858834, 0.999399662, -0.0183529053, -0.791164279, -0.012033755, 0.611485302},
{-695.503723, 131.501831, -2830.32861, 0.648716271, 0.0319324061, 0.760360122, -0.0298012495, 0.999418855, -0.0165464915, -0.760446608, -0.0119257029, 0.649290919},
{-712.726318, 131.738846, -2844.9314, 0.686367333, 0.0278060939, 0.726723254, -0.0297637805, 0.999505579, -0.0101324115, -0.726645708, -0.0146754757, 0.686855614},
{-729.835754, 132.005753, -2860.88135, 0.729290307, 0.0287533868, 0.683599949, -0.0326777548, 0.999440193, -0.00717630237, -0.683423638, -0.0171049051, 0.729821622},
{-744.972473, 132.119049, -2876.44653, 0.765421748, 0.0222882908, 0.643142879, -0.0250452664, 0.999674618, -0.00483694347, -0.643041432, -0.0124053834, 0.765730917},
{-760.353088, 132.173569, -2894.04785, 0.795276403, 0.0244245045, 0.605754793, -0.0294884518, 0.999563873, -0.001588732, -0.605529368, -0.0165992901, 0.795649827},
{-774.335693, 132.272064, -2911.72119, 0.818054557, 0.0231056605, 0.574676275, -0.029187968, 0.999572992, 0.00135999534, -0.574399471, -0.0178861842, 0.8183797},
{-787.418396, 132.159531, -2930.05786, 0.842854142, 0.0156632699, 0.537914038, -0.0193070006, 0.999812961, 0.00113892765, -0.537795603, -0.0113454573, 0.842998922},
{-799.19873, 131.970154, -2948.27002, 0.865846694, 0.0249086451, 0.499688953, -0.0316355191, 0.999486983, 0.004994391, -0.499308199, -0.0201322958, 0.866190493},
{-810.968323, 131.872971, -2968.47412, 0.889207721, 0.0202448834, 0.457055539, -0.0253935549, 0.999664426, 0.00512422575, -0.456798404, -0.0161627661, 0.88942337},
{-821.320374, 132.043716, -2988.4939, 0.909813643, 0.0211573467, 0.414477378, -0.0150617585, 0.999725103, -0.0179699454, -0.414743632, 0.0101065421, 0.909882188},
{-830.777893, 132.183731, -3009.03809, 0.926524043, 0.0168854501, 0.375856489, -0.0147575587, 0.999854624, -0.00853986107, -0.375946045, 0.00236566248, 0.926638544},
{-839.954102, 132.253845, -3030.69263, 0.929246545, 0.0287507232, 0.368339896, -0.025521636, 0.999581277, -0.0136363003, -0.368577719, 0.00327084796, 0.929591179},
{-848.6297, 132.457901, -3051.72852, 0.921754181, 0.00394874718, 0.387754589, -0.00112283183, 0.999971151, -0.00751418155, -0.387773067, 0.00649084477, 0.921732008},
