return {"Sprint",{ 
{236.959763, 9.1896677, -276.630127, 0.999896526, 0.000160546741, 0.0143835722, -0.000176870322, 0.999999344, 0.00113361154, -0.0143833812, -0.00113603834, 0.99989593}, 
{236.929138, 9.20617867, -278.91098, 0.999895811, 0.00137447205, 0.0143674016, -0.00142464496, 0.999992907, 0.00348248519, -0.0143625131, -0.00350259081, 0.999890745}, 
{236.896973, 9.20996761, -281.115936, 0.999896824, 0.00160349743, 0.0142744519, -0.0016549573, 0.999992192, 0.00359395589, -0.0142685771, -0.00361720868, 0.999891639}, 
{236.856018, 9.2165699, -283.93631, 0.999897182, 0.00130930368, 0.0142817646, -0.00133020291, 0.999998033, 0.00145394949, -0.0142798331, -0.00147279759, 0.999896944}, 
{236.812073, 9.21930695, -286.958588, 0.999898374, 0.000699615164, 0.0142405918, -0.000711167057, 0.999999404, 0.000806148222, -0.01424002, -0.0008161937, 0.999898255}, 
{236.766464, 9.21620846, -290.173981, 0.999898493, 0.00075894472, 0.0142291626, -0.000775263703, 0.999999046, 0.00114138587, -0.0142282834, -0.00115230132, 0.999898136}, 
{236.715836, 9.21776295, -293.832764, 0.999897778, 0.00130618026, 0.014237646, -0.00133110024, 0.999997616, 0.00174094655, -0.0142353382, -0.00175972027, 0.999897122}, 
{236.653137, 9.22013474, -297.851196, 0.999884248, 0.00155656377, 0.0151363304, -0.00158309378, 0.999997258, 0.00174091465, -0.0151335793, -0.00176467537, 0.99988395}, 
{236.45546, 9.22635078, -302.100098, 0.99920249, 0.0111573255, 0.0383390784, -0.0111175496, 0.999937415, -0.00125052524, -0.0383506343, 0.000823291368, 0.999264002}, 
{235.921936, 9.21568012, -306.528931, 0.995541632, 0.0163778737, 0.0928905606, -0.0164931435, 0.999863863, 0.00047332028, -0.0928701609, -0.00200326741, 0.995676219}, 
{234.791763, 9.2128315, -311.766174, 0.984036148, 0.0134264342, 0.17746149, -0.0140866628, 0.999897778, 0.00246094842, -0.177410305, -0.00492150243, 0.98412466}, 
{233.321823, 9.22366142, -316.743225, 0.968106449, 0.00954328571, 0.2503573, -0.00984012801, 0.999951601, -6.60341684e-05, -0.250345796, -0.0023996199, 0.968153536}, 
{231.518402, 9.23915195, -322.440491, 0.958540261, -0.00171323598, 0.284951955, 0.00245796097, 0.999994457, -0.00225591799, -0.284946501, 0.0028627892, 0.958539128}, 
{229.387421, 9.23838806, -329.194397, 0.954659104, 0.00226277602, 0.297692537, -0.00140293839, 0.999994218, -0.00310197542, -0.297697842, 0.00254368479, 0.95465678}, 
{227.339767, 9.22295094, -335.238831, 0.94757694, 0.0112033039, 0.319331139, -0.0114629595, 0.99993372, -0.00106637005, -0.31932193, -0.00265001226, 0.947642624}, 
{224.885788, 9.21612263, -341.502838, 0.933697701, 0.0103851892, 0.357911676, -0.0117348591, 0.999929845, 0.00159913802, -0.357869983, -0.00569315488, 0.933754086}, 
{222.042801, 9.22100067, -347.972443, 0.918684781, 0.00536010042, 0.394955069, -0.00690365443, 0.999973059, 0.00248718518, -0.394931108, -0.0050115725, 0.918697059}, 
{218.917023, 9.22037315, -354.531128, 0.903835297, 0.0103956815, 0.427754194, -0.0124438722, 0.999920607, 0.00199262844, -0.427699506, -0.00712392619, 0.903892875}, 
{215.811676, 9.20912552, -360.203766, 0.882211387, 0.0108984178, 0.470727444, -0.0145242345, 0.999886215, 0.00407086313, -0.470629543, -0.0104283178, 0.882269263}, 
{211.898758, 9.22326183, -366.500702, 0.854475081, 0.00573515845, 0.519460738, -0.00787061173, 0.999967217, 0.00190634374, -0.519432783, -0.0057173972, 0.854492188}, 
{208.055298, 9.23809814, -372.37796, 0.841006756, 0.00265784725, 0.541018128, -0.000991164823, 0.999993801, -0.00337189157, -0.541023731, 0.00229954557, 0.841004193}, 
{203.979645, 9.21007729, -378.294434, 0.822703838, 0.0126989307, 0.568328381, -0.0168765895, 0.999855399, 0.00208918029, -0.568219662, -0.0113102207, 0.822799206}, 
{199.914749, 9.22475815, -383.76767, 0.810177028, -0.00294961571, 0.586177886, 0.00306841754, 0.999994993, 0.000790953694, -0.58617723, 0.00115782605, 0.810182035}, 
{195.625351, 9.23807335, -389.613831, 0.806547642, 0.00229902589, 0.591164649, -0.00129960082, 0.999996901, -0.00211587246, -0.591167688, 0.000938273908, 0.806548119}, 
{191.09584, 9.21978283, -395.547455, 0.793138862, 0.0127242552, 0.608907878, -0.0151959378, 0.99988395, -0.00110080675, -0.608851254, -0.00837983377, 0.79324019}, 
{186.306976, 9.28342533, -401.185425, 0.765598297, 0.0193100162, 0.643029034, -0.0141910147, 0.999813139, -0.0131281633, -0.64316237, 0.000925664615, 0.765729249}, 
{181.270081, 9.45919228, -406.913544, 0.755863428, 0.0118605644, 0.654621899, 0.00476758135, 0.999709666, -0.0236178506, -0.654711962, 0.020972833, 0.755587459}, 
{175.489716, 9.69299793, -413.549591, 0.752979279, 0.026720915, 0.657501519, -0.00323913526, 0.999313593, -0.0369026847, -0.658036292, 0.0256572198, 0.752548993}, 
{169.270264, 10.0393581, -420.652557, 0.752433479, 0.0261270236, 0.658149838, -0.00201952271, 0.999299765, -0.0373610556, -0.658665121, 0.0267825611, 0.751959383}, 
{163.494385, 10.4293747, -427.254547, 0.752348006, 0.0362507403, 0.657767713, -0.00212618499, 0.998613238, -0.052603431, -0.658762455, 0.0381775498, 0.751381755}, 
{157.539017, 10.9471283, -434.056549, 0.752183795, 0.039244011, 0.657783747, -0.00217048102, 0.998367131, -0.0570815764, -0.658949792, 0.0415081307, 0.751040757}, 
{151.099228, 11.570858, -441.248993, 0.742383361, 0.0561881624, 0.667615056, -0.0100383563, 0.997298062, -0.0727725327, -0.669900119, 0.0473233573, 0.740941525}, 
{144.624771, 12.2804718, -448.306183, 0.73851645, 0.0475744419, 0.67255491, 0.00129791372, 0.99740535, -0.0719785616, -0.674234152, 0.0540302731, 0.736538529}, 
{137.48317, 13.0127325, -456.115021, 0.737511218, 0.0481761731, 0.673614323, -0.00073536858, 0.997509003, -0.0705356449, -0.675334513, 0.0515254773, 0.735709488}, 
{130.691406, 13.7104321, -463.535919, 0.737487376, 0.0471949317, 0.673709929, -0.000975261268, 0.997628689, -0.0688186064, -0.675360262, 0.0500958078, 0.73578459}, 
{123.745186, 14.4229164, -471.123444, 0.737498939, 0.0461829901, 0.673767388, -0.000578240491, 0.997701883, -0.0677539557, -0.675348043, 0.0495788679, 0.735830784}, 
{116.933502, 15.1289377, -478.56424, 0.73747462, 0.0463492386, 0.673782587, -0.000611545867, 0.997687757, -0.0679612011, -0.675374568, 0.0497076064, 0.735797763}, 
{109.769562, 15.8694582, -486.38858, 0.737529457, 0.0464300625, 0.673716962, -0.000276781939, 0.997654378, -0.0684516206, -0.675314903, 0.0502986163, 0.735812366}, 
{103.569763, 16.5185013, -493.161804, 0.737703443, 0.0466598831, 0.673510551, -0.000394652452, 0.997638464, -0.0686827525, -0.675124824, 0.0504016988, 0.735979736}, 
{97.3427505, 17.1574841, -499.968079, 0.737851381, 0.0456855521, 0.673415303, 0.000314116216, 0.997683346, -0.0680285767, -0.674963176, 0.0504065081, 0.736127675}, 
{90.6395187, 17.8315125, -507.299347, 0.737745047, 0.0448778085, 0.673586071, -0.000758670561, 0.997842371, -0.0656505153, -0.675078988, 0.0479223132, 0.736187339}, 
{84.7021484, 18.4097385, -513.78241, 0.737838626, 0.042096287, 0.673663199, -0.000624068547, 0.998095393, -0.0616860949, -0.674976885, 0.0450939685, 0.736459613}, 
{78.8610535, 18.9848919, -520.15448, 0.737688899, 0.0401081927, 0.673948407, 0.000265917537, 0.99821651, -0.0596971922, -0.675140738, 0.0442171693, 0.736362576}, 
{73.9431915, 19.5239239, -525.469116, 0.73748064, 0.0348089375, 0.674470663, 0.0155698862, 0.997529209, -0.0685061961, -0.67518878, 0.0610234216, 0.735116482}, 
{69.3713226, 20.0616837, -530.393066, 0.73890537, 0.0219302159, 0.673452199, 0.0385026075, 0.996462941, -0.0746933967, -0.672708213, 0.08112102, 0.735447466}, 
{65.3517456, 20.5666924, -534.715576, 0.740183651, 0.00226690806, 0.672400951, 0.0642263293, 0.995183766, -0.0740559176, -0.669330359, 0.0980008319, 0.736473143}, 
{61.4065857, 21.114933, -539.12323, 0.751672685, -0.00487663597, 0.659518301, 0.0846462771, 0.992416143, -0.0891357288, -0.654081941, 0.122826658, 0.746384919}, 
{58.4010162, 21.6154022, -542.948059, 0.778076351, -0.00513463235, 0.628148735, 0.0853901133, 0.991549253, -0.0976660103, -0.622338951, 0.129629299, 0.771939456}, 
{55.9866791, 22.0400753, -546.411072, 0.806434155, -0.00727114221, 0.591279209, 0.0810942277, 0.991836667, -0.0984059125, -0.585736871, 0.127307221, 0.800440609}, 
{53.6765099, 22.535738, -550.385986, 0.848002732, -0.0138927484, 0.529809713, 0.0802954435, 0.991484821, -0.102520399, -0.523874044, 0.129478887, 0.841897368}, 
{51.4222794, 23.1770401, -555.518677, 0.901199937, -0.014241037, 0.433169514, 0.0682115704, 0.991664469, -0.109310403, -0.428002119, 0.128057703, 0.8946594}, 
{49.9845505, 23.7448635, -560.169006, 0.940846384, -0.0189761911, 0.338301659, 0.0603000782, 0.991869807, -0.112063289, -0.333424687, 0.125833958, 0.934341371}, 
{48.8433952, 24.3072815, -565.796509, 0.972385108, -0.0454933681, 0.228905216, 0.0667773187, 0.994045258, -0.0861090049, -0.223624766, 0.0990167931, 0.969632745}, 
{48.3215752, 24.7504597, -571.227173, 0.990407705, -0.0591688007, 0.12486659, 0.066526942, 0.996234238, -0.0556018502, -0.121106476, 0.0633754879, 0.990614355}, 
{48.272438, 25.1798191, -577.378296, 0.996601641, -0.0809081793, -0.0154592572, 0.0797779635, 0.994794309, -0.0634018481, 0.0205085091, 0.061953079, 0.997868359}, 
{48.9998474, 25.6702576, -584.252197, 0.97859025, -0.0882377997, -0.185944229, 0.0752286837, 0.994273007, -0.075906679, 0.191577166, 0.0602931976, 0.979623854}, 
{50.5291672, 26.1826992, -590.546082, 0.935761154, -0.0832970291, -0.342655271, 0.0590813756, 0.994999528, -0.0805312395, 0.347649843, 0.0551134646, 0.936003268}, 
{53.2955246, 26.8048668, -597.697937, 0.847493589, -0.0814875811, -0.524513543, 0.0421531051, 0.995357275, -0.0865273625, 0.529129267, 0.0512215123, 0.846993864}, 
{56.5093803, 27.367178, -603.380432, 0.745964706, -0.0793491676, -0.661241531, 0.0330154225, 0.99606204, -0.0822821185, 0.665166616, 0.0395483859, 0.745646894}, 
{60.279541, 27.8981171, -608.277649, 0.638061404, -0.0714902952, -0.766659498, 0.0125815263, 0.996515512, -0.0824530423, 0.769882679, 0.0429643579, 0.636737585}, 
{64.5931625, 28.4273338, -612.624329, 0.557139456, -0.0668908954, -0.827720523, -0.00256363791, 0.996607184, -0.082264781, 0.83041501, 0.0479549319, 0.555077672}, 
{69.0666962, 28.9172859, -616.155396, 0.530416846, -0.0631337017, -0.84538281, -0.0130237397, 0.996498466, -0.0825905651, 0.847636938, 0.0548174717, 0.527737319}, 
{74.0445709, 29.4303341, -619.760803, 0.566111743, -0.0532047488, -0.822609723, -0.0299064666, 0.995932341, -0.0849962384, 0.823785841, 0.0727187172, 0.562217832}, 
{78.5867233, 29.9192963, -623.32782, 0.607640028, -0.0481204763, -0.792753458, -0.0314869098, 0.995918453, -0.0845871866, 0.793588161, 0.0763599128, 0.603644788}, 
{83.1754532, 30.4567261, -627.279541, 0.640769303, -0.0552639551, -0.765741885, -0.0182589311, 0.996026754, -0.0871627182, 0.767516315, 0.0698328242, 0.637214303}, 
{87.7057343, 30.9707623, -631.446106, 0.674057782, -0.0447912253, -0.73731935, -0.0261047017, 0.996091962, -0.0843762681, 0.738217175, 0.0761219859, 0.67025429}, 
{91.7848358, 31.4338608, -635.617065, 0.701990247, -0.0459964499, -0.710699677, -0.0094814077, 0.997220218, -0.0739052594, 0.712123454, 0.0586192086, 0.699602723}, 
{96.0765457, 31.8926697, -640.080811, 0.715200603, -0.0462462641, -0.697387516, -0.00235320115, 0.997643471, -0.0685706213, 0.698915303, 0.0506828427, 0.713406384}, 
{100.17305, 32.2527504, -644.329346, 0.718920767, -0.0404753201, -0.693912625, -0.00380044314, 0.998059392, -0.0621533468, 0.695081651, 0.0473205037, 0.717371762}, 
{104.745094, 32.6410179, -649.072449, 0.719406128, -0.0343729667, -0.693738639, -0.00373672112, 0.998568833, -0.0533514917, 0.694579601, 0.0409737006, 0.718248069}, 
{108.963936, 32.8834267, -653.453674, 0.720008194, -0.029056482, -0.693356991, -0.00305545866, 0.998980641, -0.0450371392, 0.693958879, 0.0345456339, 0.719185412}, 
{115.377594, 33.2116928, -660.111572, 0.720130861, -0.0192116313, -0.693572223, -0.00181410252, 0.999561012, -0.0295709502, 0.693835914, 0.0225531645, 0.719779909}, 
{120.546989, 33.3884354, -665.470581, 0.71991092, -0.00862963405, -0.694012821, -0.00271035125, 0.999880135, -0.0152444029, 0.69406116, 0.0128556304, 0.719801247}, 
{126.100418, 33.4939537, -671.233276, 0.719685197, -0.00585289532, -0.694275856, -0.000720830518, 0.999957621, -0.00917707104, 0.694300115, 0.00710505759, 0.719650507}, 
{131.657684, 33.5232468, -676.993286, 0.719602704, 0.00559902703, -0.694363475, -0.00117289938, 0.99997586, 0.00684781233, 0.694385052, -0.0041132858, 0.719591916}, 
{137.614349, 33.4966125, -683.168152, 0.719625294, 0.00344952638, -0.694353998, -0.000570046832, 0.999990284, 0.0043771225, 0.694362342, -0.00275407382, 0.719620287}, 
{143.773987, 33.5100327, -689.557922, 0.720967233, 0.00396640552, -0.692957759, -0.00326728611, 0.999991953, 0.00232448126, 0.692961395, 0.000588216411, 0.720974445}, 
{149.736404, 33.4726944, -696.117859, 0.74186939, 0.0129790641, -0.670418799, -0.013986513, 0.999894679, 0.00388045795, 0.670398533, 0.00649802852, 0.741972744}, 
{155.123688, 33.4249496, -702.646484, 0.769560695, 0.0116725396, -0.638466954, -0.00883891713, 0.999931872, 0.00762711419, 0.638512492, -0.000226170363, 0.769611418}, 
{160.776367, 33.3709259, -710.170288, 0.796989977, 0.0010542745, -0.603991568, 0.00547161698, 0.999944866, 0.00896542333, 0.603967726, -0.0104501639, 0.796940267}, 
{166.440186, 33.2821541, -718.033325, 0.808015108, -0.0156780314, -0.588953078, 0.0247522015, 0.999666631, 0.00734752836, 0.588641524, -0.0205147993, 0.808133841}, 
{171.843262, 33.1798744, -725.514221, 0.80888319, -0.0212267917, -0.587586105, 0.0343280919, 0.999348342, 0.0111548891, 0.586966455, -0.0291937124, 0.809084773}, 
{178.232239, 33.0531044, -734.33374, 0.808865428, -0.0255496446, -0.587438464, 0.038427148, 0.999216676, 0.00945249852, 0.586736798, -0.0302193835, 0.809213638}, 
{184.351059, 32.9415321, -742.83783, 0.812077165, -0.0236379784, -0.583071113, 0.038828373, 0.999153733, 0.0135723753, 0.582256854, -0.0336615182, 0.812307775}, 
{190.052216, 32.8322983, -751.129944, 0.826891899, -0.0197477434, -0.562014043, 0.0300410129, 0.999507427, 0.00907922629, 0.561557949, -0.0243910104, 0.827077866}, 
{195.651306, 32.817009, -760.033875, 0.846339285, -0.0294217952, -0.531830966, 0.0360509567, 0.999347806, 0.00208475278, 0.531422734, -0.0209374242, 0.846847951}, 
{200.848831, 32.7758522, -768.894836, 0.864763081, -0.025015682, -0.501556575, 0.0297323633, 0.999556899, 0.00140932074, 0.501299083, -0.0161311906, 0.865123689}, 
{205.637161, 32.7640305, -778.127808, 0.890185416, -0.0197253972, -0.455171257, 0.0229254756, 0.999736011, 0.00151093421, 0.455021292, -0.0117800292, 0.890402615}, 
{209.615143, 32.7435188, -787.447876, 0.922953248, -0.00821336079, -0.384824485, 0.00953126699, 0.999953449, 0.0015174062, 0.384794116, -0.0050683599, 0.922988534}, 
{212.819504, 32.7250633, -797.604675, 0.955775797, -0.00833656825, -0.293978095, 0.00988237001, 0.999944031, 0.00377316447, 0.293930173, -0.00651149917, 0.955804706}, 
{215.22229, 32.6812439, -809.790344, 0.983971, -0.00775462156, -0.178159967, 0.00866325293, 0.999953151, 0.00432269648, 0.178118095, -0.00579685252, 0.98399204}, 
{216.146378, 32.6298294, -821.171448, 0.997477829, -0.00870655384, -0.0704424381, 0.00910130516, 0.999944627, 0.00528486166, 0.0703925192, -0.00591265038, 0.99750185}, 
{215.947754, 32.5761337, -832.382324, 0.999580324, -0.0185820553, 0.0222237576, 0.0184903368, 0.999819696, 0.00432540243, -0.0223001242, -0.00391266216, 0.99974364}, 
{215.187286, 32.5407448, -843.356262, 0.99690932, -0.0364004336, 0.0696189404, 0.0364767909, 0.999334514, 0.000174606001, -0.0695789605, 0.00236540916, 0.997573614}, 
{213.704391, 32.4975319, -855.793091, 0.991421521, -0.0212314092, 0.128967211, 0.0211088806, 0.999774516, 0.00231704116, -0.128987327, 0.000425189035, 0.991646171}, 
{211.373734, 32.4943924, -867.880737, 0.977628469, -0.018106645, 0.209558398, 0.0182274617, 0.999832928, 0.00135492277, -0.209547922, 0.00249510654, 0.977795184}, 
{208.228287, 32.515049, -879.998169, 0.953629732, -0.0343867652, 0.299011439, 0.0362752527, 0.999341547, -0.000765983481, -0.29878822, 0.0115771797, 0.954249203}, 
{204.74054, 32.5901222, -891.709167, 0.948764145, -0.0373139195, 0.313774228, 0.0410324857, 0.999144018, -0.00525273196, -0.31330964, 0.0178585406, 0.949483097}, 
{200.832001, 32.6663857, -904.92804, 0.960007191, -0.0395041034, 0.277174413, 0.044036489, 0.998978436, -0.0101437997, -0.276490539, 0.0219439082, 0.960766077}, 
{197.698471, 32.7991409, -917.16925, 0.968653083, -0.0159913152, 0.24790214, 0.0188639332, 0.999779582, -0.00921660848, -0.24770011, 0.0136041055, 0.968741238}, 
{194.443573, 32.7651596, -931.106018, 0.973923087, 0.00874901377, 0.226709783, -0.00914965477, 0.99995786, 0.000716396316, -0.226693958, -0.00277203112, 0.973962069}, 
{191.823532, 32.6531029, -944.416382, 0.983612239, 0.00656057848, 0.180177465, -0.00789513905, 0.999946475, 0.0066907797, -0.180123925, -0.00800365862, 0.983611345}, 
{190.088852, 32.6158104, -957.009827, 0.995449543, 0.015291499, 0.0940550491, -0.0154740578, 0.999879539, 0.00121191912, -0.0940251872, -0.00266181747, 0.995566249}, 
{188.963852, 32.5437622, -970.632263, 0.999221563, 0.0312441215, 0.0240838099, -0.0316156223, 0.999384463, 0.0152019439, -0.0235940143, -0.0159515347, 0.999594331}, 
{188.352478, 32.3003235, -983.752869, 0.999031246, 0.0400661789, 0.0182015561, -0.0403082334, 0.999100983, 0.0131321605, -0.0176590364, -0.0138531113, 0.999748111}, 
{188.120789, 32.2019615, -997.831177, 0.999153495, 0.0395312458, 0.011385629, -0.0396231003, 0.999182999, 0.0079582762, -0.0110617261, -0.00840267353, 0.9999035}, 
{188.18988, 32.1394958, -1011.99805, 0.998459995, 0.0553573743, -0.00363521976, -0.0553562604, 0.998466611, 0.000406551146, 0.00365215121, -0.000204692871, 0.999993324}, 
{188.278305, 32.1171227, -1025.28674, 0.998819172, 0.0480495133, -0.00718032848, -0.0480545014, 0.998844564, -0.000523512368, 0.0071468777, 0.0008679413, 0.999974072}, 
{188.583191, 32.1269798, -1039.16028, 0.998900115, 0.0369470157, -0.0288703945, -0.036998149, 0.999314547, -0.00123879802, 0.0288048368, 0.00230558659, 0.99958241}, 
{189.536255, 32.2270432, -1053.09302, 0.996298313, 0.0185769461, -0.0839319751, -0.0190903582, 0.999803603, -0.00531852338, 0.0838166922, 0.00690112729, 0.996457279}, 
{191.329437, 32.3732605, -1066.48816, 0.984063327, 0.0219566915, -0.176457554, -0.025389459, 0.999529302, -0.0172193199, 0.175996423, 0.0214250628, 0.984157622}, 
{194.132401, 32.608326, -1080.90039, 0.966711938, 0.0232750978, -0.25480634, -0.0276003107, 0.999529064, -0.0134118078, 0.254374176, 0.0199980885, 0.966899097}, 
{197.165848, 32.8581543, -1093.90186, 0.96580404, 0.0216546468, -0.25836727, -0.0290859584, 0.999264896, -0.0249745604, 0.257636517, 0.0316353925, 0.965723872}, 
{200.320282, 33.2052422, -1107.58997, 0.975269318, 0.0320200436, -0.218687996, -0.0385164768, 0.998932362, -0.0255070236, 0.217637792, 0.0332993083, 0.975461423}, 
{203.190598, 33.4925156, -1122.04382, 0.980765045, 0.00816210173, -0.195021331, -0.011121884, 0.999838948, -0.0140864989, 0.194874942, 0.0159845501, 0.980697811}, 
{205.796997, 33.5561447, -1135.62866, 0.981692433, -0.00736471033, -0.190330714, 0.00612422405, 0.999956012, -0.00710490905, 0.190374658, 0.00580920745, 0.981694341}, 
{208.743591, 33.5165901, -1150.9718, 0.982284367, 0.00317860977, -0.187369362, -0.00337444921, 0.99999404, -0.000726255239, 0.187365934, 0.00134565763, 0.982289255}, 
{211.420853, 33.5028419, -1166.02197, 0.98566258, 0.0147353373, -0.168083668, -0.0151133249, 0.999885321, -0.000969708781, 0.168050095, 0.00349610881, 0.985772252}, 
{213.634521, 33.5134811, -1180.77783, 0.989503026, 0.0118873315, -0.144022435, -0.0122253299, 0.999924183, -0.00146206294, 0.143994138, 0.00320743746, 0.989573359}, 
{215.512085, 33.5292168, -1194.61829, 0.990882993, 0.000460555253, -0.134724483, -0.00087886618, 0.999994993, -0.0030454793, 0.134722397, 0.00313611841, 0.990878403}, 
{217.707321, 33.520668, -1210.86292, 0.990962863, -0.000130743691, -0.134136334, -0.00021422733, 0.999996722, -0.00255735754, 0.13413623, 0.00256298226, 0.990959585}, 
{219.934647, 33.5133858, -1227.31067, 0.990959883, 0.000958343444, -0.13415511, -0.00101050094, 0.999999464, -0.000320695894, 0.134154722, 0.000453360612, 0.9909603}, 
{222.062408, 33.5071716, -1243.39172, 0.99191606, 0.00974027906, -0.126521334, -0.00989873242, 0.999950826, -0.000623698521, 0.126509026, 0.00187105732, 0.991963685}, 
{223.920532, 33.5165405, -1260.29553, 0.9943313, 0.00877011381, -0.105964079, -0.00907547213, 0.999955952, -0.00239985576, 0.105938368, 0.00334792561, 0.994367063}, 
{225.44136, 33.521225, -1275.03259, 0.99456948, -0.00299543329, -0.104031779, 0.00279654935, 0.99999398, -0.00205756933, 0.104037315, 0.00175546564, 0.994571865}, 
{227.339203, 33.5189781, -1292.29126, 0.993222952, -0.0105234431, -0.115747362, 0.0105093438, 0.999944508, -0.00073208753, 0.115748644, -0.000489302736, 0.993278444}, 
{229.592484, 33.5246353, -1309.07751, 0.99012363, -0.0132977702, -0.139564827, 0.0132131521, 0.999911547, -0.00153290515, 0.139572859, -0.000326325622, 0.990211725}, 
{232.522736, 33.5307732, -1327.82239, 0.987629294, -0.00301221898, -0.15677774, 0.00244796951, 0.999989808, -0.00379200396, 0.156787559, 0.00336130708, 0.987626612}, 
{235.22554, 33.5120773, -1344.95752, 0.988524616, 0.0109564131, -0.150661901, -0.0114953676, 0.999930263, -0.00270675565, 0.150621742, 0.00440760842, 0.988581657}, 
{237.467224, 33.4985733, -1361.71301, 0.991968572, 0.0201082751, -0.124876067, -0.020163931, 0.999796331, 0.000818369968, 0.124867089, 0.00170619506, 0.992172003}, 
{239.100311, 33.5112267, -1378.69299, 0.99609524, 0.0231574401, -0.0851940438, -0.0234387815, 0.9997226, -0.00230347458, 0.0851170719, 0.00429132488, 0.996361732}, 
{240.314224, 33.518013, -1397.79126, 0.998320401, 0.0108634243, -0.0569070615, -0.0110433837, 0.999934971, -0.0028488026, 0.0568724126, 0.00347246416, 0.998375416}, 
{240.990143, 33.5015259, -1417.75671, 0.999545038, 0.0212896597, -0.021365935, -0.0213281158, 0.999771297, -0.00157365727, 0.0213275459, 0.0020286364, 0.999770463}, 
{240.99736, 33.5180779, -1437.2644, 0.999909878, 0.0119956825, 0.00602476811, -0.0119726947, 0.999920964, -0.00383719103, -0.00607032189, 0.00376471248, 0.999974489}, 
{240.714676, 33.5110893, -1454.12683, 0.999746084, 0.00851221662, 0.0208651572, -0.00848342292, 0.999962926, -0.00146810035, -0.0208768807, 0.00129071949, 0.999781191}, 
{240.028671, 33.5015335, -1471.49988, 0.998571873, 0.0210415684, 0.049106542, -0.0210329425, 0.999778569, -0.000692432979, -0.0491102375, -0.00034141104, 0.998793304}, 
{238.761032, 33.5297775, -1490.62732, 0.997657895, 0.00160082208, 0.0683825687, -0.00141138874, 0.999995053, -0.00281842332, -0.068386741, 0.00271530775, 0.997655213}, 
{237.481537, 33.5080299, -1507.1626, 0.996451139, 0.0119812191, 0.0833158866, -0.0118369553, 0.999927461, -0.00222529564, -0.0833365023, 0.00123119191, 0.996520698}, 
{235.707962, 33.5036316, -1524.94446, 0.993068516, 0.0129862372, 0.116817087, -0.0129731018, 0.999915481, -0.000872818113, -0.116818547, -0.000648711692, 0.993153036}, 
{233.629837, 33.5265045, -1542.04761, 0.989140928, 0.0117633101, 0.146498814, -0.01127108, 0.9999277, -0.00418961514, -0.146537498, 0.0024929198, 0.989201963}, 
{231.077789, 33.4980202, -1559.76367, 0.986834943, 0.0134846242, 0.161167338, -0.0135096749, 0.999908268, -0.000940438069, -0.161165237, -0.00124926108, 0.986926675}, 
{228.181442, 33.508358, -1577.479, 0.984153748, 0.00739506446, 0.177163005, -0.00721076829, 0.999972582, -0.00168408395, -0.177170604, 0.000379916077, 0.984180093}, 
{225.271423, 33.5264473, -1593.9447, 0.982147932, 0.0100106411, 0.187843561, -0.009523388, 0.999948561, -0.00349626155, -0.187868893, 0.00164493895, 0.982192755}, 
{222.042297, 33.55159, -1612.38025, 0.986099482, -0.0122728189, 0.165702194, 0.0135060754, 0.999888837, -0.00631783623, -0.16560623, 0.00846800115, 0.986155629}, 
{219.190277, 33.9007263, -1630.32678, 0.987449408, 0.00704075163, 0.157778457, -0.00247738021, 0.99957341, -0.0291006826, -0.157916039, 0.0283445753, 0.987045646}, 
{216.326324, 34.7263832, -1648.34619, 0.987528384, 0.0133193415, 0.156876743, -0.00447483594, 0.998387039, -0.0565974973, -0.157377541, 0.0551896356, 0.985995114}, 
{213.41333, 36.1940308, -1666.37427, 0.985820413, 0.0296231005, 0.165168241, -0.0142736053, 0.995530427, -0.0933562443, -0.167195514, 0.0896749496, 0.981837094}, 
{209.929932, 38.0056572, -1685.01746, 0.980183661, 0.0400759727, 0.193994522, -0.0223090239, 0.995423794, -0.0929182768, -0.196830541, 0.0867491513, 0.976592183}, 
{206.27977, 39.4604645, -1701.69348, 0.975818396, 0.0282561723, 0.216748863, -0.00865312107, 0.995825827, -0.0908625424, -0.21841155, 0.0867897868, 0.971989691}, 
{201.979218, 41.1312523, -1720.29395, 0.974363923, 0.0170298386, 0.224332288, 0.00343138049, 0.995890081, -0.090505302, -0.22495158, 0.0889548659, 0.970300913}, 
{198.408218, 42.5176086, -1735.73376, 0.974379718, 0.0170212071, 0.224264279, 0.00338855735, 0.995907962, -0.0903099552, -0.22488375, 0.0887561217, 0.970334828}, 
{194.284531, 44.2050819, -1754.48096, 0.978554368, 0.00275086239, 0.205970213, 0.0162320472, 0.995771706, -0.0904168189, -0.205348045, 0.0918210894, 0.974372149}, 
{190.27916, 45.9440346, -1774.01453, 0.97933507, 0.0207777955, 0.2011742, -0.00233617285, 0.995804489, -0.0914765671, -0.202230856, 0.0891162381, 0.975274801}, 
{186.507523, 47.5706215, -1792.30981, 0.979425609, 0.0183999501, 0.200965047, -0.000290217635, 0.995962143, -0.0897738487, -0.201805413, 0.0878684819, 0.975476146}, 
{182.991409, 49.0909615, -1809.35046, 0.979334831, 0.0176112521, 0.201477394, 0.000361742306, 0.996047318, -0.0888234004, -0.20224531, 0.0870607346, 0.975457489}, 
{179.59639, 50.5568466, -1825.78198, 0.979278326, 0.0181594323, 0.201703161, -0.00018557845, 0.996051788, -0.0887740254, -0.20251888, 0.0868970528, 0.975415289}, 
{175.7966, 52.2087631, -1844.23877, 0.979960084, 0.0137914522, 0.198715985, 0.00393407373, 0.996065676, -0.0885305107, -0.199155137, 0.0875381306, 0.976050377}, 
{172.244629, 53.8049049, -1862.1134, 0.98092258, 0.0157687701, 0.1937581, 0.00163040531, 0.996002316, -0.0893125609, -0.194391862, 0.0879246145, 0.976975441}, 
{168.574142, 55.461586, -1880.71423, 0.981042981, 0.0184689611, 0.192908153, -0.00120576017, 0.996010721, -0.0892257765, -0.193786502, 0.0873017237, 0.977151573}, 
{164.899033, 57.1247635, -1899.37537, 0.981218457, 0.0170839019, 0.192141935, 0.000114795883, 0.996018648, -0.0891451761, -0.192899883, 0.0874929428, 0.977309883}, 
{161.226593, 58.7953148, -1918.09851, 0.98128289, 0.0179669876, 0.191731915, -0.000796752924, 0.996008277, -0.0892570689, -0.192570269, 0.0874336734, 0.977380216}, 
{157.415527, 60.4655228, -1936.86292, 0.978619337, 0.0289166514, 0.20363687, -0.0107213948, 0.995893598, -0.0898940563, -0.205400094, 0.0857887939, 0.974910796}, 
{153.15097, 62.3395081, -1957.68286, 0.98117882, 0.00527858268, 0.193029106, 0.0123963421, 0.995842576, -0.090243727, -0.192702949, 0.0909380913, 0.977034211}, 
{149.874207, 63.8353424, -1974.56836, 0.981326461, 0.0201102421, 0.191295445, -0.00276759686, 0.995892823, -0.0904973447, -0.19232969, 0.0882780105, 0.977351665}, 
{146.040588, 65.5850525, -1994.21289, 0.981461704, 0.018968977, 0.19071722, -0.00180239556, 0.99595964, -0.0897839963, -0.191649765, 0.0877758041, 0.97753042}, 
{142.466721, 67.2215271, -2012.5625, 0.981552601, 0.0177150499, 0.19036983, -0.000564919203, 0.99596256, -0.0897675231, -0.191191465, 0.0880040005, 0.97759968}, 
{138.629654, 68.9837799, -2032.33679, 0.981656969, 0.0183636975, 0.189769387, -0.00126836356, 0.995957553, -0.0898161978, -0.19065161, 0.0879279971, 0.977711916}, 
{135.184921, 70.5684204, -2050.12012, 0.981735706, 0.0175496694, 0.189438552, -0.000461508142, 0.995953023, -0.0898738205, -0.19024916, 0.0881449133, 0.977770805}, 
{131.473907, 72.2823257, -2069.33203, 0.981853187, 0.0183734857, 0.188750446, -0.00128260104, 0.995916188, -0.0902733132, -0.189638257, 0.0883930475, 0.977867067}, 
{128.028824, 73.8763657, -2087.22729, 0.982004821, 0.0177599825, 0.188018918, -0.000742757693, 0.995923936, -0.0901941136, -0.188854381, 0.0884313956, 0.978015304}, 
{124.452286, 75.5390091, -2105.86548, 0.982099593, 0.0178770293, 0.18751213, -0.000944031694, 0.995940745, -0.0900065899, -0.188360021, 0.0882184207, 0.978129864}, 
{120.470551, 77.3876038, -2126.64038, 0.98210001, 0.0180564672, 0.187492654, -0.001141435, 0.995946944, -0.0899356753, -0.188356653, 0.0881118253, 0.978140116}, 
{116.879303, 79.0581665, -2145.39648, 0.982125819, 0.0180483144, 0.187358335, -0.0011337311, 0.99594146, -0.0899965167, -0.188222215, 0.0881754905, 0.978160262}, 
{113.155594, 80.8372879, -2164.85864, 0.98223269, 0.0183542967, 0.186767355, 0.000180579009, 0.995112956, -0.0987430066, -0.187666968, 0.0970223397, 0.977429152}, 
{109.703239, 82.4520111, -2183.71875, 0.985256016, -0.00856553949, 0.170871884, 0.0237776618, 0.995908797, -0.0871798769, -0.169426054, 0.089957431, 0.981428802}, 
{106.488831, 84.0135803, -2202.69409, 0.985836804, 0.00497815851, 0.167633548, 0.0092462562, 0.996425629, -0.0839668661, -0.167452365, 0.0843276158, 0.982267022}, 
{102.838531, 85.7249908, -2223.08716, 0.983691692, 0.00285581965, 0.179840088, 0.0133682368, 0.99594754, -0.0889371783, -0.179365277, 0.0898909122, 0.979667127}, 
{99.032135, 87.2597961, -2241.33105, 0.976036787, 0.00933097117, 0.217405334, 0.00924784597, 0.996398926, -0.0842831582, -0.217408895, 0.084273994, 0.972435713}, 
{94.0054626, 88.9074173, -2261.56421, 0.961586952, 0.00307117449, 0.274483383, 0.0198346544, 0.996546209, -0.0806362554, -0.273783028, 0.0829830542, 0.958204925}, 
{88.1593552, 90.6053543, -2282.34399, 0.959071457, -0.025896959, 0.281977534, 0.0510871224, 0.99529314, -0.0823510066, -0.278517663, 0.0933859199, 0.955880225}, 
{83.0904922, 92.0177994, -2299.66235, 0.959048569, -0.0241114181, 0.282213449, 0.0494906902, 0.995307446, -0.08314877, -0.278884321, 0.0937106535, 0.955741525}, 
{77.5009689, 93.5132751, -2318.40454, 0.958162844, -0.0434881561, 0.282900661, 0.0685539916, 0.994489789, -0.0793117955, -0.277892709, 0.0953875855, 0.955864429}, 
{71.7041397, 95.0532532, -2337.91235, 0.957573533, -0.0489871055, 0.283995122, 0.0753135085, 0.99373883, -0.0825290084, -0.278174102, 0.100416265, 0.95526737}, 
{65.6709442, 96.7288971, -2358.17285, 0.957261801, -0.0534469076, 0.284241617, 0.0789548084, 0.993739367, -0.0790458694, -0.278237313, 0.0981098339, 0.955488622}, 
{60.0502472, 98.2417831, -2377.1001, 0.95740211, -0.050729461, 0.284267068, 0.0771253854, 0.993607283, -0.0824395195, -0.278267711, 0.100851975, 0.955194175}, 
{54.313427, 99.836998, -2396.0542, 0.95473659, -0.0367483981, 0.295173824, 0.063909933, 0.99450624, -0.0829024836, -0.290505677, 0.0980145782, 0.951840103}, 
{48.5956154, 101.321907, -2413.50854, 0.946556866, -0.0377100892, 0.320324868, 0.0655722618, 0.994900167, -0.0766412541, -0.315801114, 0.0935497358, 0.944202363}, 
{41.053421, 102.891685, -2433.49927, 0.929094017, -0.0122126779, 0.36964196, 0.0443217047, 0.995928526, -0.0784977898, -0.367178321, 0.0893149897, 0.925852537}, 
{33.4007301, 104.267365, -2451.10376, 0.899922729, -0.0191873051, 0.435626984, 0.0560349673, 0.995836854, -0.0718957186, -0.432433933, 0.0891109332, 0.897251427}, 
{23.8436642, 105.682777, -2470.28418, 0.854958713, -0.0139666591, 0.518508017, 0.0533647835, 0.9967013, -0.0611448586, -0.515943587, 0.0799463987, 0.852883816}, 
{13.8398104, 106.910805, -2487.54346, 0.808558583, -0.0168106724, 0.588175476, 0.0606029443, 0.996655166, -0.0548247732, -0.585286498, 0.0799742043, 0.806872904}, 
{1.67483544, 108.172058, -2506.07593, 0.776808381, -0.0267521217, 0.62916857, 0.0760245472, 0.995773852, -0.0515242554, -0.62513119, 0.0878567323, 0.775559247}, 
{-10.5595789, 109.215897, -2522.76465, 0.778952241, -0.0180741381, 0.62682271, 0.0630973354, 0.99677062, -0.0496696122, -0.623900712, 0.0782411024, 0.777577162}, 
{-22.6891575, 110.126892, -2537.73901, 0.764092803, -0.0296687707, 0.644423783, 0.0777252093, 0.995898783, -0.04630832, -0.640406907, 0.0854718313, 0.763265073}, 
{-35.4625854, 110.948166, -2552.23975, 0.720084667, -0.0213034991, 0.69355911, 0.0707164034, 0.996577382, -0.042809926, -0.690273345, 0.0798727795, 0.719126642}, 
{-48.4371643, 111.64183, -2565.57227, 0.667761445, -0.0211973879, 0.74407351, 0.068022579, 0.997149765, -0.03263909, -0.741260827, 0.072408922, 0.667300045}, 
{-63.2277298, 112.286919, -2579.15649, 0.605948865, -0.0317237787, 0.794870794, 0.0808628649, 0.996485174, -0.0218733475, -0.791383088, 0.0775296539, 0.606384337}, 
{-78.7362137, 112.770515, -2591.84229, 0.544665158, -0.0236634761, 0.838319659, 0.0725186616, 0.997186661, -0.018968286, -0.83551234, 0.071125187, 0.544848859}, 
{-94.9659424, 113.152794, -2603.55444, 0.500294507, -0.0275612529, 0.865416527, 0.073016271, 0.997276008, -0.0104498407, -0.862771153, 0.0684174895, 0.500944138}, 
{-110.573448, 113.41317, -2613.58154, 0.481039941, -0.0329302624, 0.876080036, 0.0852445066, 0.996316135, -0.00935651921, -0.872544527, 0.0791818723, 0.482074976}, 
{-129.231033, 113.593224, -2624.41846, 0.485151678, -0.032655634, 0.873820066, 0.0868908241, 0.996156931, -0.0110149598, -0.870102227, 0.0812708735, 0.486124665}, 
{-147.781509, 113.666107, -2634.14331, 0.448878884, -0.0302502234, 0.893080413, 0.0788342655, 0.996870518, -0.00585779268, -0.890108347, 0.0730347782, 0.449858874}, 
{-166.900116, 113.617035, -2642.89551, 0.388259441, -0.0324462503, 0.920978725, 0.0797391981, 0.996814609, 0.00150209735, -0.918093801, 0.0728548989, 0.389609933}, 
{-184.393417, 113.497086, -2649.91528, 0.321907073, -0.0400933474, 0.945921957, 0.0885611624, 0.995997488, 0.0120775392, -0.942620158, 0.0798841044, 0.324169368}, 
{-203.580429, 113.357147, -2656.84814, 0.310562789, -0.0263374504, 0.950187922, 0.0959194973, 0.995382011, -0.0037605213, -0.945700884, 0.0923094228, 0.311654896}, 
{-222.250549, 113.67202, -2663.13843, 0.323045671, -0.0129743377, 0.946294427, 0.110357545, 0.993600905, -0.0240508802, -0.939926982, 0.112200268, 0.322410285}, 
{-241.774841, 114.339722, -2669.54541, 0.305372477, 0.0104067707, 0.952176094, 0.0967089906, 0.994431019, -0.0418841392, -0.947309375, 0.104874253, 0.302665442}, 
{-259.984131, 115.297096, -2675.12134, 0.294171274, -0.00767351314, 0.955721915, 0.121045358, 0.992214739, -0.0292912554, -0.948056579, 0.12430235, 0.292809904}, 
{-278.234985, 115.956703, -2680.6189, 0.287830681, 0.0190683492, 0.957491457, 0.0898414403, 0.994854987, -0.0468195975, -0.953457952, 0.0994985253, 0.284636647}, 
{-297.42099, 116.58519, -2686.05493, 0.265738696, 0.019459065, 0.96384871, 0.0688092187, 0.996863425, -0.0390967019, -0.961586297, 0.0767111853, 0.263566256}, 
{-318.230042, 117.29583, -2691.62085, 0.263878405, 0.00689195096, 0.964531302, 0.0986999571, 0.994532526, -0.0341088511, -0.959492862, 0.104199789, 0.261755407}, 
{-337.584015, 117.946526, -2696.94482, 0.267471731, 0.0112956231, 0.963499486, 0.0930433869, 0.994955838, -0.0374936573, -0.959062994, 0.0996757448, 0.265071571}, 
{-357.034851, 118.781281, -2702.16162, 0.253209263, 0.0301948152, 0.966940224, 0.0728662834, 0.996078253, -0.0501859561, -0.964663446, 0.0831648931, 0.250016034}, 
{-377.367371, 119.752052, -2707.33716, 0.245298773, 0.031492997, 0.968935847, 0.054088451, 0.997470796, -0.046113655, -0.967937469, 0.0637198612, 0.242974952}, 
{-397.794891, 120.445465, -2712.50464, 0.244374484, 0.0301279817, 0.96921277, 0.0343128853, 0.998622596, -0.0396937355, -0.969073653, 0.0429566242, 0.243004099}, 
{-417.532318, 121.106216, -2717.50244, 0.252541721, 0.0215044655, 0.967347026, 0.0523293763, 0.997986257, -0.0358470269, -0.966169894, 0.0596735366, 0.250907868}, 
{-437.99057, 121.902222, -2723.01855, 0.266819656, 0.0299345981, 0.963281453, 0.051941216, 0.997618139, -0.0453888476, -0.962345779, 0.0621446483, 0.264629304}, 
{-457.667114, 122.931679, -2728.60376, 0.278109223, 0.0391017199, 0.959753275, 0.045846004, 0.997492015, -0.0539241172, -0.959454775, 0.058997646, 0.27561906}, 
{-476.623993, 123.880257, -2734.1123, 0.278795987, 0.0425992608, 0.959405065, 0.0279739536, 0.99823153, -0.0524522476, -0.959942818, 0.0414618291, 0.277111292}, 
{-498.697571, 124.80687, -2740.54712, 0.276984185, 0.0443176702, 0.959851921, -0.00173721637, 0.998957276, -0.0456219092, -0.960872889, 0.0109690763, 0.27677235}, 
{-518.56311, 125.591446, -2746.32031, 0.276675403, 0.0438547097, 0.959962249, -0.0195847824, 0.999008, -0.0399938412, -0.960763872, -0.00773533899, 0.277259797}, 
{-539.213562, 126.421761, -2752.44385, 0.289001584, 0.047220245, 0.956163347, -0.0172229949, 0.998877585, -0.0441240221, -0.957173705, -0.00371608464, 0.289490461}, 
{-559.005371, 127.242332, -2758.81641, 0.315199137, 0.0437909365, 0.948014677, -0.0190907903, 0.999025285, -0.0397998579, -0.948833525, -0.0055534686, 0.315727919}, 
{-579.35199, 127.860786, -2766.21143, 0.352892488, 0.0407509319, 0.934776068, -0.0277058743, 0.999068141, -0.0330943055, -0.93525362, -0.0142200561, 0.353692681}, 
{-598.658569, 128.378983, -2774.11816, 0.413841307, 0.0350460932, 0.909674168, -0.0244601537, 0.999325991, -0.0273722745, -0.910020351, -0.0109229926, 0.414419621}, 
{-619.03125, 128.94104, -2783.62939, 0.488045752, 0.0314962789, 0.872249603, -0.0242864732, 0.999451816, -0.0225005597, -0.872480094, -0.0102025634, 0.488543123}, 
{-637.483826, 129.420853, -2793.39941, 0.550969422, 0.0326413177, 0.833886802, -0.0231594108, 0.999448001, -0.0238199867, -0.834204018, -0.00618824316, 0.551421225}, 
{-656.065796, 129.909607, -2804.53857, 0.60323292, 0.0309835188, 0.796963036, -0.0279204529, 0.999453008, -0.0177223217, -0.797076225, -0.0115608796, 0.603768051}, 
{-674.0177, 130.317551, -2816.61548, 0.647180498, 0.0298481155, 0.761752248, -0.0281064995, 0.999488056, -0.0152843092, -0.761818469, -0.0115184812, 0.64768815}, 
{-690.645264, 130.63652, -2829.15576, 0.680439889, 0.0269986745, 0.732306361, -0.0258808099, 0.999583006, -0.0128048612, -0.732346773, -0.0102397446, 0.680854917}, 
{-707.210999, 130.93602, -2843.09717, 0.703601003, 0.0321149118, 0.709869206, -0.0335373133, 0.999365747, -0.011970737, -0.709803402, -0.0153844841, 0.704231799}, 
{-722.564636, 131.12825, -2857.2876, 0.709264159, 0.0324176922, 0.704197049, -0.0334131755, 0.99936527, -0.0123521527, -0.704150498, -0.0147685194, 0.709897161}, 
{-737.895081, 131.272888, -2872.71973, 0.726840496, 0.0342217013, 0.6859532, -0.0374541245, 0.999246657, -0.010165045, -0.68578428, -0.0183034092, 0.727574646}, 
{-752.582642, 131.389999, -2888.79199, 0.765093803, 0.0283711199, 0.6432935, -0.0318999924, 0.999472201, -0.0061397478, -0.643128157, -0.0158235729, 0.765595019}, 
{-767.034058, 131.422577, -2906.16504, 0.808871686, 0.0241164453, 0.587490439, -0.0296954643, 0.999558985, -0.000146365681, -0.587234914, -0.0173274111, 0.809231102}, 
{-780.085632, 131.371292, -2923.63232, 0.844649732, 0.0196473431, 0.534958661, -0.0267621689, 0.999626458, 0.0055418401, -0.534649968, -0.0189975686, 0.844860077}, 
{-792.603699, 131.246216, -2942.48999, 0.874002159, 0.0185628645, 0.485567391, -0.0254721288, 0.999646366, 0.00763311889, -0.48525399, -0.0190397967, 0.874165893}, 
{-803.819763, 131.068893, -2961.31079, 0.882220864, 0.0419884175, 0.468959808, -0.0503740422, 0.998716116, 0.00534485746, -0.468133301, -0.0283387452, 0.883203328}, 
{-815.209412, 131.008057, -2981.11987, 0.852025449, 0.0710873753, 0.518651366, -0.0705224127, 0.997292519, -0.0208386853, -0.518728495, -0.0188214593, 0.854731798}, 
{-826.1073, 131.502121, -2999.37598, 0.839796603, 0.0537420809, 0.540234685, -0.0537417307, 0.998430133, -0.0157812778, -0.540234685, -0.0157800838, 0.84136641}, 
{-839.04248, 131.643311, -3020.30469, 0.850400209, 0.0411992632, 0.524520874, -0.0377942361, 0.999137461, -0.017203318, -0.524777174, -0.00519416155, 0.851223767}, 
{-850.078491, 131.825195, -3038.60913, 0.862438738, 0.00376474275, 0.506147504, 0.00206417893, 0.999937892, -0.0109547842, -0.506157279, 0.0104926089, 0.862377346}, 
